time,accx,accy,accz
5,   174,    12,   -92
10,   114,    21,   -39
19,    84,    23,     7
24,    47,    17,    33
29,    26,    24,    46
33,     9,    22,    51
38,    -7,    19,    62
43,   -15,    14,    77
48,   -21,    16,    95
53,    -2,    20,    88
58,    -4,    20,    89
63,   -10,    19,    91
67,   -23,    28,    93
72,   -34,    36,    89
77,   -48,    37,    83
84,  -115,    18,    91
93,   -17,    29,    17
101,   -15,    37,    19
109,   -13,    30,    15
117,   -21,    45,    15
125,   -28,    68,     8
133,   -46,    88,     2
141,   -34,    32,   -50
149,   -34,    18,   -77
157,   -41,    41,   -57
165,   -34,    35,   -49
173,   -33,    25,   -50
181,   -29,    12,   -40
186,   -23,     7,   -49
191,   -26,    10,   -32
196,   -28,     3,   -34
201,   -29,     5,   -30
205,   -29,     5,   -25
210,   -25,     8,   -24
217,   -24,     7,   -29
227,   -23,    11,   -31
237,   -29,    14,   -30
247,   -24,    14,   -40
257,   -20,    16,   -51
267,   -21,    19,   -54
277,   -21,    15,   -53
287,   -22,    11,   -56
297,   -19,    13,   -48
307,   -23,    18,   -36
317,   -29,    27,   -30
327,   -28,    33,   -17
337,   -29,    28,   -16
347,   -33,     5,   -24
357,   -40,   -40,   -34
367,   -39,   -44,   -34
377,   -42,   -11,   -25
387,   -78,   -63,   -47
397,   -91,   -45,   -51
407,   -48,     2,   -72
417,   -56,   -16,   -71
427,   -80,   -38,   -56
437,   -68,   -38,   -36
447,    -8,    19,   -49
457,    28,    60,   -33
467,     4,    54,   -19
477,    82,   109,    20
487,    52,    80,    13
497,    42,    32,   -10
507,    25,    51,   -28
517,    16,    49,   -33
527,    13,    30,   -57
537,     1,    43,   -43
547,    21,   -47,     8
557,    -2,    58,   -23
567,    -5,    13,   -15
577,    -7,    -3,   -14
587,   -10,    11,   -37
597,   -13,    10,   -37
607,   -19,    16,   -32
617,   -23,    12,   -23
627,   -24,    23,   -19
637,   -22,    17,   -12
647,   -22,    19,   -11
657,   -20,    15,   -22
667,   -19,    13,   -34
677,   -18,    12,   -40
687,   -18,    14,   -45
697,   -17,    14,   -40
707,   -17,    10,   -30
717,   -17,     8,   -22
727,   -18,     0,   -22
737,   -23,     6,   -28
747,   -23,     8,   -39
757,   -23,    12,   -39
767,   -19,     6,   -46
777,   -22,    10,   -42
787,   -20,    13,   -40
797,   -18,    16,   -33
807,   -16,    14,   -32
817,   -12,    15,   -42
827,   -10,    20,   -58
837,   -10,    18,   -74
848,   -14,    19,   -70
858,   -20,    22,   -59
867,   -18,    19,   -41
877,   -20,    22,   -25
887,   -27,    16,    -9
900,   -26,    16,   -22
910,   -21,    14,   -38
920,   -19,     7,   -46
930,   -18,     5,   -52
941,   -18,     6,   -50
951,   -14,    10,   -43
961,   -13,     9,   -41
971,    -9,    13,   -43
981,   -10,    17,   -50
991,   -11,    17,   -59
1001,   -14,    14,   -64
1010,   -15,    12,   -54
1021,   -11,     8,   -35
1031,   -13,     6,   -23
1041,   -16,     5,   -14
1051,   -13,     6,   -17
1060,   -14,     6,   -32
1070,    -9,     3,   -43
1080,   -10,     8,   -50
1091,    -6,     9,   -45
1098,    -6,     8,   -41
1108,    -6,    10,   -32
1118,    -8,    11,   -30
1127,   -10,     6,   -37
1137,    -6,    10,   -42
1148,    -3,    14,   -51
1157,    -9,    17,   -51
1168,    -7,    15,   -43
1177,    -5,    14,   -35
1187,    -4,    11,   -21
1197,    -7,    11,   -11
1208,    -8,     9,   -21
1218,    -9,     8,   -33
1227,   -11,     8,   -43
1237,    -9,     8,   -44
1248,    -9,     7,   -39
1257,   -10,    11,   -30
1268,   -10,    14,   -32
1277,   -10,    11,   -31
1288,   -11,     7,   -42
1298,   -14,     4,   -49
1307,   -13,     8,   -57
1318,   -13,    13,   -51
1328,   -13,     8,   -42
1338,   -17,     8,   -32
1348,   -19,     8,   -27
1357,   -17,     8,   -27
1368,   -13,     8,   -32
1378,   -13,     8,   -47
1388,    -9,    11,   -48
1398,    -8,     8,   -41
1408,    -9,    10,   -36
1417,   -10,    11,   -32
1428,   -16,    14,   -34
1438,   -16,    11,   -35
1448,   -11,    12,   -35
1458,   -11,    10,   -34
1468,   -12,    10,   -42
1478,   -11,     7,   -43
1488,    -9,     9,   -35
1498,    -6,    11,   -28
1508,    -7,    10,   -28
1518,   -12,    10,   -26
1528,   -14,     8,   -32
1538,    -9,     4,   -39
1548,    -5,     2,   -43
1558,    -4,    -1,   -43
1568,   -10,     0,   -39
1578,   -11,     0,   -33
1588,    -7,     0,   -28
1598,   -12,     2,   -31
1608,   -10,     4,   -31
1618,    -6,     9,   -38
1628,    -7,     8,   -37
1638,    -7,     8,   -37
1648,    -8,    11,   -35
1658,   -13,    15,   -33
1668,   -11,    15,   -39
1678,    -8,    13,   -37
1688,    -8,    13,   -41
1698,    -5,     8,   -42
1708,    -3,     7,   -47
1718,    -5,     8,   -45
1728,    -4,     8,   -44
1738,    -9,     8,   -43
1748,    -8,     3,   -42
1758,    -7,     5,   -44
1768,    -6,     6,   -46
1778,    -5,    11,   -50
1788,    -9,     9,   -43
1798,    -6,    12,   -42
1812,   -12,    11,   -40
1822,   -12,     7,   -38
1833,   -15,    10,   -41
1843,   -12,     9,   -44
1852,   -12,     6,   -48
1862,    -6,     6,   -45
1872,    -5,     2,   -40
1882,    -5,    -2,   -33
1892,    -7,    -4,   -25
1901,    -8,    -5,   -27
1910,    -8,     0,   -31
1920,    -7,     3,   -32
1931,    -9,     3,   -37
1941,    -9,     3,   -42
1950,   -12,     1,   -45
1961,   -15,     0,   -35
1971,    -7,    -2,   -29
1981,    -6,     2,   -36
1990,    -6,     6,   -46
2000,    -1,     3,   -53
2011,    -2,     4,   -62
2021,    -7,     7,   -64
2030,    -5,     7,   -60
2040,    -1,     8,   -45
2051,     0,     9,   -43
2061,    -4,    12,   -46
2071,    -7,    12,   -45
2081,    -7,    11,   -42
2091,    -6,    10,   -43
2100,    -4,     7,   -30
2111,    -4,     5,   -26
2122,    -7,     2,   -22
2132,    -4,     0,   -23
2141,    -3,     2,   -25
2151,    -6,     0,   -34
2161,    -6,     0,   -34
2171,    -3,    -4,   -37
2181,    -4,     0,   -37
2191,    -4,     2,   -34
2202,    -5,    -2,   -39
2212,    -8,    -5,   -36
2221,   -11,     0,   -34
2231,    -7,     2,   -35
2241,   -10,     0,   -41
2251,    -6,    -5,   -35
2261,    -4,     1,   -31
2271,    -5,     5,   -31
2281,    -2,     6,   -34
2292,     1,     6,   -38
2302,     0,     8,   -39
2311,     2,     6,   -50
2320,     4,     6,   -54
2331,     3,     3,   -51
2341,     0,     4,   -49
2351,    -2,     5,   -36
2361,    -7,     8,   -26
2371,    -7,    15,   -29
2381,    -7,    14,   -32
2391,    -8,    10,   -34
2401,    -4,     6,   -41
2411,    -2,     2,   -37
2421,    -5,     0,   -39
2431,    -9,    -1,   -35
2441,    -4,     4,   -29
2451,    -4,     5,   -30
2462,    -5,     4,   -31
2472,    -1,     3,   -44
2482,    -5,     1,   -44
2492,     0,    -1,   -42
2502,    -1,    -2,   -38
2512,     0,     0,   -40
2522,     0,    -2,   -37
2532,    -4,    -5,   -38
2542,    -8,    -3,   -39
2552,    -8,     0,   -40
2563,    -2,     0,   -42
2572,     0,     0,   -43
2582,     2,    -2,   -39
2592,    -3,     0,   -37
2601,    -6,    -2,   -39
2609,    -4,     7,   -34
2619,    -7,     6,   -40
2629,   -11,     5,   -44
2639,   -12,     8,   -45
2649,    -6,    10,   -44
2659,    -4,    10,   -40
2669,    -4,    13,   -44
2679,    -4,    10,   -41
2689,    -3,     9,   -44
2699,    -5,     6,   -38
2709,    -2,     0,   -33
2718,    -2,     0,   -41
2729,    -2,    -4,   -44
2739,    -3,    -5,   -48
2749,    -1,    -4,   -45
2759,     2,    -4,   -41
2769,     4,    -1,   -36
2779,     4,     0,   -43
2789,     3,     1,   -42
2799,     3,     1,   -40
2809,     2,     1,   -38
2819,     0,     0,   -26
2829,    -2,    -1,   -22
2839,     0,    -2,   -21
2849,    -1,    -3,   -15
2859,    -4,    -5,   -21
2869,    -4,     4,   -34
2879,    -2,     5,   -35
2889,    -1,     5,   -38
2899,    -5,     3,   -37
2909,    -5,     7,   -41
2919,    -4,     5,   -40
2929,    -4,     6,   -45
2939,    -7,     4,   -44
2949,    -4,     3,   -43
2959,    -7,     0,   -39
2969,    -5,     1,   -36
2979,    -5,     0,   -36
2989,    -6,     0,   -40
2999,    -4,     0,   -36
3009,    -2,     1,   -30
3019,    -7,     0,   -36
3029,    -9,    -5,   -40
3039,    -8,    -3,   -39
3049,    -6,    -5,   -33
3059,    -4,    -6,   -34
3069,    -8,     0,   -38
3079,    -7,     1,   -42
3089,    -4,     6,   -43
3099,    -2,     9,   -39
3109,    -5,     4,   -39
3119,    -7,     7,   -39
3129,    -7,     6,   -39
3139,    -7,    12,   -40
3149,    -3,    10,   -37
3159,    -4,     7,   -35
3169,     0,     8,   -36
3179,     2,    12,   -43
3189,     1,    10,   -47
3199,     3,    12,   -49
3209,     1,     8,   -49
3219,     0,    10,   -48
3229,     1,     7,   -50
3239,     0,     6,   -44
3249,     0,     9,   -44
3259,     3,     9,   -40
3269,    -1,    12,   -41
3279,    -1,    13,   -38
3289,     0,     8,   -36
3299,     1,     6,   -29
3310,    -6,     3,   -29
3322,    -4,     7,   -38
3332,    -2,     2,   -42
3342,    -1,     0,   -43
3352,     0,     0,   -44
3362,     0,     1,   -45
3372,     1,     4,   -47
3382,     1,     7,   -44
3393,     0,     7,   -35
3403,    -1,     9,   -28
3411,     0,     6,   -25
3419,    -3,     5,   -25
3429,    -4,     5,   -30
3439,    -4,    10,   -41
3449,     0,    10,   -49
3460,     1,     3,   -63
3469,     7,     0,   -66
3480,     6,    -2,   -59
3489,     3,    -4,   -56
3499,     5,     0,   -45
3509,     3,    -3,   -28
3519,    -5,    -3,   -22
3530,   -15,    -7,   -16
3539,   -12,    -6,    -9
3549,   -14,    -7,    -5
3562,    -8,    -7,    -8
3569,    -7,    -8,   -14
3579,    -8,    -6,   -23
3589,    -9,    -8,   -29
3599,    -6,    -5,   -41
3609,     2,    -2,   -54
3620,     7,     3,   -64
3630,     7,     6,   -62
3639,    10,     7,   -61
3650,     6,    10,   -54
3659,     4,     6,   -38
3669,     0,     8,   -26
3680,     2,     9,   -18
3689,     0,     8,   -11
3699,    -3,     9,    -9
3710,    -1,    12,    -9
3719,    -1,     9,   -16
3730,     0,     4,   -22
3740,     2,     0,   -31
3750,     6,    -4,   -39
3760,     3,     0,   -47
3769,     6,     2,   -58
3780,     8,    -3,   -68
3790,     7,    -2,   -76
3800,     3,    -5,   -73
3810,     3,   -11,   -49
3819,     1,   -10,   -22
3830,    -5,   -13,    -8
3839,    -6,    -9,    -8
3849,    -6,    15,   -21
3860,     1,   -10,   -12
3870,    -2,   -59,    11
3879,    35,    39,     0
3889,    60,   159,   -33
3900,    49,   199,   -26
3910,    19,    60,   -40
3920,   -17,  -120,   -33
3930,   -19,   -88,   -70
3940,   -23,   -79,   -63
3949,   -20,   -40,   -58
3960,    -9,    -8,   -98
3970,   -14,   -11,   -39
3980,   -14,     6,   -39
3990,   -19,    -1,    -9
4000,    -7,   -15,    -2
4010,    -7,   -19,     2
4020,    -6,   -13,    -7
4030,    -9,   -17,    -9
4040,    -8,   -14,   -24
4050,    -4,   -13,   -38
4060,     0,   -11,   -51
4070,     2,    -3,   -61
4080,     1,     0,   -67
4090,     2,    -7,   -67
4100,     8,   -16,   -65
4110,     7,   -12,   -63
4123,     1,     6,   -59
4133,    -4,    -3,   -42
4143,    -5,    -1,   -40
4153,     3,    -4,   -29
4163,     7,    -2,   -23
4173,     7,     5,   -13
4183,    12,     0,   -17
4193,    18,    -1,   -22
4203,    14,     4,   -31
4213,    15,     5,   -45
4222,     7,    11,   -58
4232,    -3,     4,   -47
4242,    -7,     3,   -42
4253,    -3,     3,   -39
4262,    -9,     5,   -31
4272,   -21,    12,   -23
4282,   -29,    26,   -23
4292,   -38,    40,   -33
4302,   -34,    24,   -30
4313,   -21,    20,   -41
4320,     5,    13,   -62
4330,    18,   -15,   -75
4340,    23,   -31,   -82
4350,    21,   -35,   -80
4360,    16,   -28,   -78
4370,    15,   -21,   -76
4380,    12,   -16,   -69
4390,     9,   -14,   -60
4400,     8,   -10,   -49
4410,    10,    -5,   -41
4420,     2,    -2,   -27
4430,     0,    -4,   -21
4440,    -5,    -7,   -13
4450,    -4,    -9,   -15
4460,    -6,   -12,   -23
4470,    -5,   -13,   -39
4480,    -5,    -7,   -47
4490,    -5,     0,   -50
4500,    -9,     6,   -57
4510,    -8,    10,   -55
4520,    -5,    11,   -53
4530,     4,    14,   -69
4540,     8,    10,   -66
4550,     6,    19,   -53
4560,    -2,    36,   -43
4570,    -3,    36,   -28
4580,     2,    23,   -29
4590,     5,    15,   -30
4600,     3,     1,   -30
4610,     7,   -15,   -40
4620,     7,   -14,   -41
4630,     5,   -24,   -51
4640,     8,   -18,   -60
4650,     9,   -22,   -59
4660,    11,     0,   -57
4670,    24,     6,   -61
4680,    15,     3,   -56
4690,     6,   -12,   -49
4700,     0,     0,   -37
4710,    -4,    20,   -24
4720,     2,    11,   -19
4730,    -8,    40,     0
4741,    -5,    30,    -6
4750,   -17,    43,    -4
4760,   -16,    33,   -19
4770,     9,    91,   -12
4781,   -13,    78,   -35
4790,    -4,   104,   -27
4800,   -23,   102,   -22
4810,   -22,    81,   -52
4820,   -12,    77,   -47
4831,   -65,    63,   -13
4840,   -32,    47,   -40
4851,   -60,   -15,   -58
4860,   -10,    40,   -50
4870,    10,    46,   -71
4881,    54,    76,   -55
4890,    59,    36,   -48
4900,    28,    37,   -35
4910,    70,     8,   -59
4921,    26,    43,   -44
4930,    28,    66,   -54
4941,    -2,    50,   -43
4951,    71,   107,   -40
4960,    33,    66,   -65
4971,    -2,   -16,   -70
4980,    18,    31,   -46
4990,    12,    32,   -35
5000,    -1,    54,   -26
5011,   -38,    18,   -24
5020,   -75,   -42,   -37
5034,     3,   -29,   -43
5044,   -56,   -43,   -39
5054,   -17,   -35,   -48
5064,   -25,   -62,   -34
5074,   -23,   -82,   -54
5083,   -14,   -48,   -51
5093,   -76,   -87,   -66
5104,   -81,  -121,   -93
5114,   -83,   -15,   -98
5123,   -38,    11,  -113
5131,    29,    -8,   -77
5141,     3,    21,   -83
5151,    49,    33,   -33
5161,   108,   -53,   -25
5171,    68,   -65,   -20
5180,    48,   -52,    -6
5191,    49,   -14,   -31
5201,     0,   -19,   -13
5210,    73,    12,   -17
5221,    48,     3,   -13
5231,    53,    -3,   -33
5241,   -11,    20,   -35
5251,    13,    12,   -53
5261,    36,     0,   -59
5271,   -16,   -42,   -45
5281,   -42,   -75,   -36
5291,   -28,  -113,   -62
5301,   -31,  -101,   -46
5311,   -63,  -107,   -42
5321,   -53,   -67,   -29
5331,   -20,   -46,   -32
5341,    19,   -60,   -31
5351,     2,   -56,   -19
5361,    56,   -18,   -17
5371,   -40,   -11,   -26
5381,    19,    53,   -20
5391,    64,    24,   -32
5401,    65,     8,   -30
5411,    81,     4,   -31
5421,   101,    54,   -41
5431,   104,   112,   -42
5441,   -41,    31,    -2
5451,   -10,    22,   -41
5461,    94,   101,   -26
5471,    -6,    27,   -53
5481,    73,    13,   -71
5491,    61,   -30,   -85
5501,    60,     4,   -65
5511,    59,    51,   -48
5521,    61,    36,   -43
5531,     3,   -28,   -32
5541,   -17,   -53,   -31
5551,    50,    60,   -19
5561,    34,     2,   -21
5571,    -9,   -58,    -8
5581,    32,   -41,   -15
5591,    48,   -37,   -10
5601,    69,   -18,    -5
5611,    40,    -3,   -10
5621,    13,  -112,   -19
5631,    11,  -124,   -35
5641,    12,   -65,   -46
5651,    58,    59,   -41
5661,    76,    78,   -60
5671,    79,    37,   -64
5681,    73,    85,   -61
5691,    80,    28,   -72
5701,    72,   -12,   -80
5711,    39,   -14,   -63
5721,    52,    -8,   -77
5731,    57,   -36,   -65
5741,    34,   -32,   -29
5751,    40,   -81,   -44
5761,    91,   -42,   -34
5771,    63,   -73,    -2
5781,    86,  -106,    -2
5791,    76,  -138,   -27
5801,   -50,  -199,   -52
5811,   -32,  -136,   -58
5821,    -3,   -81,   -47
5834,   -11,   -51,   -50
5845,   -19,   -72,   -34
5854,    30,   -43,   -44
5864,    28,    -9,   -27
5874,    30,    38,   -27
5884,     3,    63,   -22
5894,    17,    71,   -28
5904,     2,    68,   -17
5915,    11,    49,   -25
5925,    76,    77,   -33
5935,    15,    41,    -9
5944,    13,    31,   -15
5954,    82,   138,   -20
5964,    43,   117,   -51
5974,    47,    72,   -71
5984,    45,    44,   -62
5994,    81,    35,   -69
6005,    45,     1,   -77
6014,    27,   -26,   -74
6024,   112,    49,   -62
6034,    73,    11,   -65
6045,   135,    35,   -63
6055,   117,   119,   -41
6065,    60,    94,   -13
6074,    95,   114,   -15
6084,    72,    89,    -8
6094,    98,    59,   -23
6104,   125,     9,     2
6114,    27,    76,    15
6125,    46,    66,     9
6135,    26,   -31,    43
6146,    -7,  -195,    -4
6156,    23,  -167,   -31
6166,    10,  -161,   -76
6175,   -33,   -81,   -51
6185,   -43,   -72,   -66
6195,    -8,  -117,   -70
6205,   -20,  -158,   -76
6215,   -54,  -142,   -68
6225,   -41,  -154,   -68
6234,   -22,  -149,   -57
6244,   -11,   -83,   -72
6254,    15,    54,   -53
6264,    99,   114,   -35
6274,   106,    88,   -46
6284,   136,    97,   -13
6294,   102,    29,   -18
6304,   117,    -4,   -20
6314,    65,     0,   -32
6324,    30,    50,   -34
6334,    33,    43,   -45
6345,    38,    56,   -48
6354,    88,   138,   -52
6364,    64,    43,   -48
6375,    76,   -88,   -55
6384,   100,  -123,   -66
6395,    81,  -132,   -81
6407,    51,   -44,   -72
6415,    26,    61,   -61
6424,   -37,    42,   -56
6434,   -79,    -8,   -45
6442,   -46,    55,   -30
6452,   -60,    23,   -28
6462,   -93,    13,   -40
6472,   -71,   -33,   -48
6482,   -56,   -77,   -51
6492,   -72,   -63,   -25
6502,   -15,   -83,   -44
6512,    73,   -28,   -48
6522,    88,    -4,   -52
6532,    87,    57,   -46
6542,   116,    92,   -46
6551,   118,    81,   -30
6562,   117,    54,   -38
6572,    49,    42,   -40
6582,    55,     4,   -18
6592,    24,     3,    -8
6602,    26,    24,     0
6612,   -12,   -17,    -6
6621,    17,   -37,   -16
6632,    23,   -63,   -52
6642,    62,   -81,   -40
6652,   121,   -59,   -37
6662,   135,   -49,   -39
6672,   146,   -18,   -24
6682,   173,    17,   -36
6692,   139,     5,   -35
6702,   156,     0,   -43
6712,   173,     4,   -33
6722,   184,    24,   -16
6732,   137,   -27,   -13
6742,   133,   -32,   -17
6752,    65,   -74,    -3
6762,    85,   -28,     0
6772,    91,   -11,    -2
6782,    89,    17,    -4
6792,    38,     7,    -9
6802,     3,   -15,   -29
6812,    -8,   -29,   -43
6822,    12,   -23,   -56
6832,     7,   -17,   -71
6842,     6,   -31,   -81
6852,    61,   -26,   -87
6862,    33,   -33,   -68
6872,    60,   -42,   -44
6882,    64,   -29,   -33
6892,    58,    -1,   -12
6902,    -7,    -7,    -2
6912,     8,    -8,   -19
6922,     3,    11,   -21
6932,   -47,   -11,   -17
6942,   -25,    12,   -16
6952,    54,   -18,   -17
6962,   114,   -32,   -40
6972,   148,   -18,   -51
6982,   147,   -16,   -55
6993,   123,   -15,   -45
7002,    77,   -20,   -42
7012,    18,   -30,   -31
7022,    18,   -60,   -25
7032,    31,   -21,   -30
7047,    50,   -41,   -21
7052,    61,   -21,   -23
7062,    17,    -5,    -7
7072,    46,   -17,   -12
7082,    76,   -14,   -19
7092,    63,    14,   -28
7102,     6,    -1,   -46
7112,    -2,   -13,   -52
7122,     2,    22,   -64
7132,   -41,    35,   -62
7146,   -75,     0,   -38
7156,   -16,   -20,   -37
7166,   -30,   -98,   -55
7175,   -48,  -127,   -27
7185,   -55,  -193,   -62
7195,   -83,  -144,   -40
7205,   -54,  -161,   -38
7216,    27,  -149,   -51
7225,    98,   -91,   -27
7235,   135,   -62,   -29
7243,   176,    18,   -37
7253,   174,    43,   -46
7262,   131,     1,   -40
7273,   249,   179,   -40
7282,   235,   136,   -40
7293,   210,   130,   -29
7302,   183,    87,   -31
7312,   104,    90,   -21
7322,    77,    39,    -1
7333,   101,    39,    -8
7342,    93,    36,   -12
7353,   104,    20,    -9
7362,   106,     2,   -22
7372,    96,   -10,   -22
7383,    89,   -13,   -38
7392,    90,   -14,   -44
7402,    90,   -11,   -49
7412,    83,    -9,   -56
7423,    84,     4,   -72
7432,    46,   122,    -7
7442,    61,   128,   -30
7453,    65,    70,   -29
7463,    46,    28,   -19
7472,     8,    -2,   -47
7482,   -14,   -20,   -41
7492,    -2,   -59,   -54
7503,    24,   -23,   -47
7512,     2,   -40,   -31
7523,    19,   -54,   -36
7532,     5,   -66,   -36
7543,    12,   -58,   -35
7553,    -7,   -44,   -41
7563,   -47,    -5,   -41
7573,   -25,   -13,   -41
7583,    29,   -11,   -45
7592,    88,   -16,    -8
7603,   135,   -55,   -18
7613,   132,   -58,   -28
7623,   115,   -53,   -31
7633,    99,   -40,   -36
7642,    84,   -30,   -35
7653,    75,   -10,   -40
7663,    65,     9,   -52
7673,    81,    48,   -66
7682,    49,     6,   -58
7693,    33,   -21,   -57
7703,    37,   -18,   -61
7713,    15,   -54,  -121
7723,    14,   -32,   -77
7733,    37,   -36,   -52
7743,    49,   -34,   -44
7753,    50,   -33,   -45
7763,    48,   -26,   -50
7773,    47,   -20,   -48
7783,    45,   -18,   -44
7793,    43,   -19,   -41
7803,    43,   -13,   -46
7813,    42,   -11,   -40
7823,    34,     3,   -39
7833,    32,     8,   -42
7843,    23,    34,   -44
7852,    11,    -1,   -47
7863,    18,    10,   -28
7873,    28,    -5,   -21
7883,    42,    -3,   -25
7893,    57,    12,   -29
7903,    55,     6,   -35
7913,    48,     4,   -37
7923,    34,     2,   -50
7933,    12,    10,   -49
7943,   -16,   -13,   -33
7955,     2,     2,   -18
7965,    22,    22,    -6
7975,    47,    10,   -17
7985,    46,    10,   -23
7996,    43,    13,   -23
8005,    49,     9,   -30
8015,    56,    -4,   -31
8025,    58,   -13,   -34
8036,    49,   -20,   -34
8045,    41,   -17,   -36
8056,    40,   -17,   -43
8066,    43,    -9,   -49
8076,    41,    -6,   -51
8086,    36,    -4,   -48
8096,    31,     0,   -44
8106,    33,    -6,   -45
8118,    37,    -7,   -35
8126,    41,    -9,   -32
8136,    41,    -6,   -37
8146,    36,     0,   -41
8156,    36,    -1,   -42
8165,    33,     1,   -39
8176,    32,    -1,   -31
8185,    31,    -6,   -25
8195,    30,   -10,   -20
8205,    27,   -14,   -19
8215,    28,   -10,   -37
8225,    27,    -5,   -49
8235,    26,    -5,   -55
8246,    23,    -5,   -48
8256,    21,    -7,   -44
8266,    22,    -6,   -35
8275,    27,    -7,   -31
8286,    30,    -6,   -30
8295,    30,    -9,   -37
8305,    27,   -14,   -39
8316,    24,   -10,   -39
8326,    26,   -10,   -35
8335,    31,    -4,   -37
8345,    27,   -11,   -37
8355,    19,   -13,   -36
8365,    13,   -24,   -37
8376,    17,   -22,   -38
8386,    21,   -26,   -46
8396,    18,   -20,   -52
8406,    18,   -13,   -53
8415,    15,    -8,   -46
8425,    15,    -9,   -49
8435,    19,    -8,   -49
8446,    20,    -4,   -53
8456,    19,    -2,   -50
8465,    22,    -4,   -42
8475,    26,    -5,   -33
8485,    28,    -6,   -33
8496,    26,    -6,   -25
8506,    26,    -7,   -26
8516,    22,    -7,   -32
8525,    25,   -10,   -35
8536,    27,    -7,   -39
8546,    24,    -7,   -45
8555,    18,    -6,   -44
8565,    18,   -11,   -42
8575,    21,   -14,   -34
8586,    21,   -15,   -33
8596,    19,   -14,   -30
8606,    20,   -14,   -31
8616,    19,   -12,   -29
8625,    20,   -14,   -35
8636,    20,    -7,   -39
8646,    18,     4,   -34
8656,    15,    -3,   -44
8665,    19,    -7,   -40
8676,    23,    -7,   -47
8686,    27,    -7,   -48
8696,    29,   -11,   -47
8706,    20,   -11,   -49
8715,    19,   -11,   -41
8726,    20,    -9,   -43
8736,    24,    -7,   -47
8746,    17,   -10,   -42
8756,    16,   -11,   -42
8766,    10,   -16,   -37
8775,    13,   -18,   -22
8786,    18,   -14,   -19
8796,    15,   -13,   -21
8807,    13,    -7,   -21
8816,    14,   -10,   -28
8826,    22,   -10,   -33
8836,    26,    -9,   -34
8846,    30,    -1,   -36
8854,    30,    -4,   -33
8864,    24,    -4,   -34
8874,    17,     0,   -24
8883,    14,    -7,   -27
8893,    11,   -13,   -23
8903,     9,   -11,   -37
8914,     5,   -10,   -32
8924,    11,    -8,   -35
8933,    20,    -7,   -38
8944,    18,     4,   -28
8953,    14,     6,   -33
8964,     9,     6,   -23
8974,     6,     3,   -31
8983,    14,     5,   -43
8994,    27,     2,   -61
9004,    17,    -5,   -62
9014,    15,    -9,   -58
9024,    13,    -3,   -40
9034,    15,     0,   -47
9044,    12,     0,   -55
9053,    11,    -2,   -56
9064,    12,    -1,   -60
9074,     7,    -4,   -52
9084,    14,    -7,   -44
9094,    18,   -13,   -33
9104,    21,    -3,   -20
9113,    15,     0,   -17
9124,    14,    -1,   -19
9134,    10,   -13,   -25
9144,    15,   -21,   -43
9154,    14,   -18,   -62
9164,    16,   -18,   -52
9174,    20,   -15,   -53
9184,    29,   -15,   -57
9194,    27,    -8,   -50
9204,    22,   -14,   -49
9214,    15,   -12,   -47
9224,    14,   -14,   -38
9234,    12,   -10,   -30
9244,    17,    -7,   -21
9254,    14,    -2,   -13
9264,    12,     0,   -10
9274,    14,    -1,   -20
9284,    17,    -1,   -26
9294,    15,    -5,   -37
9304,    14,    -3,   -43
9314,    13,    -6,   -49
9324,    11,    -5,   -55
9334,    11,    -8,   -61
9344,    10,    -9,   -61
9354,    18,    -5,   -62
9364,    20,    -5,   -56
9374,    14,    -6,   -46
9384,   -58,  -388,   -21
9394,     6,  -529,    22
9404,     8,  -360,    16
9414,    15,  -316,     6
9424,    21,  -104,    -1
9434,    32,    -2,   -17
9444,    32,    37,   -35
9454,    24,   196,   -47
9464,    -1,   328,   -52
9474,   -12,   359,   -62
9484,    -5,   268,   -57
9494,     0,   199,   -44
9504,     3,   146,   -29
9514,     0,   107,   -19
9524,    -1,    74,   -16
9534,    -5,    55,   -14
9544,    -6,    43,   -14
9554,     0,    34,   -12
9566,     3,    25,   -15
9576,     4,    17,   -27
9587,     9,    18,   -34
9596,     9,    10,   -47
9606,     7,     3,   -67
9617,     7,    -3,   -76
9627,     9,    -1,   -75
9636,    11,    -5,   -67
9646,    13,    -5,   -58
9657,     8,    -5,   -46
9664,     1,    -6,   -32
9674,     0,    -1,   -35
9684,     4,    -3,   -32
9694,     6,    -6,   -21
9704,     8,    -8,   -23
9714,     6,    -7,   -27
9724,     8,    -8,   -37
9734,     8,   -14,   -49
9744,     5,   -14,   -62
9754,     7,   -12,   -74
9764,    10,   -12,   -74
9774,    11,    -9,   -72
9784,    15,    -4,   -61
9794,    15,    -2,   -43
9804,    12,    -2,   -33
9814,     5,     1,   -28
9824,    -1,     2,   -22
9834,     0,     0,   -16
9844,     4,    -1,   -13
9854,     3,    -2,   -11
9865,     6,    -4,   -21
9874,     8,    -8,   -31
9885,     7,   -11,   -41
9894,    12,    -7,   -45
9904,    12,   -11,   -52
9914,     8,   -10,   -52
9925,     9,   -12,   -55
9935,    14,    -6,   -58
9945,    15,    -2,   -56
9954,    10,     2,   -51
9964,     9,     1,   -52
9975,    10,    -6,   -41
9984,    14,    -2,   -34
9994,    13,    -4,   -34
10004,    11,    -6,   -32
10014,     9,    -9,   -34
10025,     3,   -10,   -39
10035,     3,   -13,   -43
10044,     3,   -10,   -47
10054,     5,   -11,   -49
10064,     5,    -7,   -46
10074,     3,    -7,   -49
10085,     5,    -7,   -43
10094,     4,    -8,   -40
10104,     0,    -6,   -39
10114,     0,    -1,   -43
10124,     0,     2,   -44
10134,     3,     0,   -44
10145,    10,     0,   -43
10154,    10,     0,   -45
10164,     8,    -2,   -42
10175,     3,    -5,   -50
10185,    10,    -4,   -47
10195,     7,    -7,   -48
10204,     7,    -7,   -53
10215,     4,    -6,   -54
10225,     0,    -7,   -51
10234,     0,    -5,   -48
10245,     2,    -2,   -50
10255,     3,    -3,   -50
10265,     9,    -2,   -40
10274,    12,    -3,   -45
10285,    10,    -1,   -44
10295,    11,    -1,   -45
10305,    12,     6,   -38
10315,    13,     7,   -30
10325,    13,     7,   -29
10334,    14,     6,   -37
10345,    11,     4,   -41
10355,    12,     1,   -42
10366,    11,     0,   -44
10377,    16,     1,   -35
10387,    15,     0,   -32
10397,    12,     4,   -24
10407,    11,     4,   -28
10417,    13,     4,   -36
10428,    14,     0,   -37
10438,    14,     0,   -45
10447,    10,     0,   -45
10457,     7,    -6,   -35
10466,     3,    -8,   -33
10475,     1,    -5,   -40
10485,     0,    -6,   -40
10495,     0,    -8,   -43
10505,     0,    -2,   -37
10515,     0,    -7,   -31
10525,     0,    -7,   -15
10535,     3,    -3,    -3
10545,     8,     2,   -10
10555,     2,     0,   -21
10565,     0,    -3,   -32
10575,     2,    -3,   -37
10585,     1,    -6,   -37
10595,     1,    -5,   -47
10605,     7,    -4,   -43
10615,     7,    -8,   -48
10625,     8,    -8,   -53
10635,     8,    -7,   -54
10645,    12,   -11,   -57
10655,     7,    -8,   -47
10665,     7,    -9,   -44
10675,     8,    -9,   -36
10685,     6,    -8,   -30
10695,     3,    -8,   -25
10705,     1,    -7,   -30
10715,    -3,    -6,   -30
10725,    -4,    -6,   -32
10735,    -2,    -1,   -40
10745,     0,     0,   -32
10755,     2,     0,   -30
10765,     4,     0,   -30
10775,     6,    -4,   -33
10785,     5,    -2,   -38
10795,     2,    -5,   -49
10805,     2,    -3,   -52
10815,     9,    -5,   -54
10825,    10,    -5,   -55
10835,     9,    -4,   -52
10845,     9,    -8,   -52
10855,     2,    -4,   -47
10865,     0,    -3,   -39
10875,     1,    -1,   -35
10885,     3,    -2,   -29
10895,     6,    -1,   -40
10905,     2,    -4,   -44
10915,     3,    -6,   -41
10925,     4,    -7,   -45
10935,     3,    -9,   -46
10945,     4,    -4,   -47
10955,     3,    -1,   -44
10965,     3,    -1,   -40
10975,     3,    -2,   -41
10985,     3,     4,   -44
10995,     6,     2,   -38
11005,     8,     6,   -39
11015,    13,     5,   -40
11025,    16,     5,   -38
11035,    16,     5,   -39
11045,    12,     2,   -38
11055,     8,    -4,   -41
11065,     5,    -6,   -50
11075,     4,    -9,   -49
11085,     4,    -8,   -52
11096,     2,    -6,   -50
11105,     4,    -3,   -51
11119,     8,    -5,   -43
11125,     6,    -5,   -39
11135,     5,    -5,   -46
11145,    11,    -3,   -42
11155,    10,     0,   -45
11166,    11,     2,   -41
11179,    11,     0,   -40
11189,     8,    -1,   -38
11199,    11,    -4,   -43
11209,     8,    -5,   -46
11219,     0,    -6,   -51
11229,     8,   -24,   -58
11239,    12,   -15,   -56
11249,    16,   -24,   -59
11259,    -6,   -36,   -44
11269,    -1,   -22,   -41
11278,    -3,   -10,   -31
11288,    -7,   -12,   -38
11298,    -6,   -15,   -37
11308,    -5,   -14,   -44
11317,     0,   -18,   -46
11328,     0,   -15,   -45
11338,     0,   -15,   -38
11348,     2,    -6,   -37
11358,     2,    -5,   -33
11368,     7,    -4,   -33
11378,     8,    -5,   -29
11388,    11,     0,   -31
11398,    13,     0,   -40
11408,     9,     0,   -43
11418,    10,     0,   -45
11428,     9,     2,   -48
11438,     1,     3,   -47
11448,     6,    18,   -42
11458,     3,    21,   -42
11468,     2,     8,   -54
11478,     4,    11,   -52
11488,     6,     9,   -48
11498,     5,     9,   -47
11508,     2,     3,   -45
11518,     1,    -1,   -53
11528,     2,    -3,   -47
11538,     8,    -5,   -43
11548,    10,    -1,   -47
11558,    10,     0,   -45
11568,     4,     3,   -37
11578,     3,     0,   -38
11588,     1,    -1,   -42
11598,     2,    -5,   -47
11608,     7,    -4,   -53
11618,    10,    -1,   -48
11628,   -11,    43,   -37
11638,   -31,    29,   -32
11649,    17,   -14,   -45
11658,    27,   -24,   -53
11668,    24,   -16,   -53
11679,    13,    -8,   -44
11689,    19,    -6,   -48
11699,    21,    -1,   -40
11709,    18,    -4,   -33
11719,    13,     0,   -27
11729,    12,     0,   -34
11739,    12,     4,   -37
11749,     2,    -4,   -38
11759,    -1,    -4,   -33
11769,     2,    -2,   -30
11778,     1,     1,   -30
11788,    -3,     0,   -31
11798,     0,    -2,   -40
11809,     2,    -1,   -46
11818,     0,     0,   -43
11828,    -4,    -6,   -48
11838,     4,    -4,   -52
11849,    12,    -4,   -61
11858,    10,    -8,   -52
11868,    11,     1,   -45
11878,     6,    -5,   -32
11888,    10,     6,   -29
11898,    11,     7,   -36
11908,    13,     3,   -35
11918,     9,     0,   -33
11928,     4,    -3,   -31
11938,    -2,    -4,   -37
11948,    -4,     0,   -37
11958,     7,    -8,   -49
11968,    12,    -9,   -49
11978,    13,    -7,   -45
11988,     5,    -3,   -34
11998,     1,    -3,   -35
12008,     0,    -5,   -36
12018,    -3,    -4,   -35
12028,     2,     0,   -33
12039,     8,    -5,   -34
12048,    14,    -2,   -40
12058,    16,    -3,   -54
12069,    18,   -16,   -80
12078,    13,   -14,   -76
12086,     9,   -10,   -61
12096,    -2,    -7,   -44
12106,    -5,    -6,   -32
12116,    -5,    -3,   -33
12126,    -5,    -2,   -36
12136,    -3,    -4,   -45
12146,     0,    -3,   -51
12156,     3,    -6,   -49
12166,     1,   -12,   -55
12176,     1,    -9,   -53
12186,     0,    -5,   -49
12196,    -2,    -7,   -42
12206,    -3,    -3,   -38
12216,    -8,    -3,   -32
12226,    -5,    -4,   -34
12236,    -3,    -3,   -28
12246,    -5,    -2,   -15
12256,    -1,     0,    -2
12266,     4,     0,    -1
12276,    38,     6,    26
12286,    40,   -17,    -4
12296,    60,   -10,    -3
12306,    28,    -3,    53
12316,   -17,   -60,     7
12326,     3,   -11,   -64
12336,    32,   -27,   -74
12346,    41,   -38,   -99
12356,    24,   -24,   -63
12366,    -2,   -25,   -28
12376,   -11,   -14,    23
12386,   -16,     9,    70
12397,    42,     1,    54
12406,    58,     7,    52
12416,     3,    22,    31
12426,   -31,    16,    23
12436,   -33,    22,    38
12446,     1,    -7,    56
12457,    53,   -17,     5
12466,    29,   -23,   -63
12476,     0,   -19,  -146
12486,   -20,   -13,  -190
12496,     3,   -24,  -186
12506,    41,   -27,  -139
12517,    26,   -21,   -63
12526,    -3,    -6,     4
12536,   -35,     9,    43
12546,   -38,    14,    55
12556,     0,    14,    57
12566,     7,    18,    50
12576,   -13,    12,    42
12586,   -31,    13,    44
12597,   -19,     8,    34
12606,    15,     0,    16
12616,    20,   -10,   -25
12626,     4,   -20,   -85
12637,   -39,   -26,  -138
12646,   -54,   -24,  -165
12656,   -58,   -25,  -163
12667,   -30,    -4,  -124
12676,   -58,     3,   -73
12687,   -60,    -9,   -12
12696,   -38,   -11,    17
12707,    15,   -10,    21
12717,    43,    -4,    11
12726,    58,    -6,     2
12736,    44,    -4,    -5
12747,    29,    -3,   -13
12757,    33,    -6,   -28
12767,    43,   -13,   -51
12777,    41,   -19,   -80
12790,    27,   -18,  -114
12800,    12,   -19,  -140
12810,     4,   -21,  -129
12820,    12,   -17,   -98
12830,    14,   -15,   -55
12840,    -2,    -2,   -10
12850,   -18,     4,    14
12860,   -12,     6,    13
12870,     0,    12,    12
12880,     4,    13,   -10
12889,     2,    14,   -31
12899,    -7,     3,   -41
12909,   -15,    -1,   -38
12919,    -8,    -6,   -41
12929,     0,   -11,   -64
12939,    -4,   -11,   -87
12949,   -12,   -10,  -109
12959,   -15,   -10,  -107
12969,    -5,    -8,   -80
12979,     7,     0,   -50
12990,    13,     5,   -18
13000,     6,     6,     8
13009,     3,     5,    12
13020,     4,     2,     0
13030,    12,     0,   -17
13040,    17,     1,   -37
13050,     6,    -3,   -55
13059,     4,    -4,   -68
13070,     0,    -7,   -66
13080,    17,    -9,   -71
13092,    30,    -6,   -94
13103,    35,    -1,  -115
13113,    27,     0,  -109
13123,    12,     3,   -87
13133,     0,    -2,   -38
13143,   -11,    -1,    16
13154,   -14,     3,    57
13164,   -20,     8,    64
13175,   -16,     5,    46
13185,    -9,     6,     7
13193,    -1,     5,   -19
13201,     2,     6,   -29
13210,     0,     0,   -38
13220,     0,    -1,   -30
13230,     3,    -3,   -32
13240,     7,   -10,   -49
13250,     3,    -7,   -69
13260,     0,    -5,   -78
13270,     1,    -3,   -80
13280,    -1,    -3,   -58
13290,     1,     3,   -29
13300,     3,     1,     4
13310,     9,     1,    16
13320,    -4,     6,    21
13330,    -9,    -2,     3
13340,    -5,    -5,   -33
13351,     0,     6,   -56
13360,    12,    -5,   -95
13370,    15,    -5,  -106
13380,    19,    -7,   -91
13391,    13,    -6,   -84
13401,     7,    -9,   -83
13411,     2,   -13,   -84
13421,    -1,    -8,   -80
13431,     7,    -6,   -66
13441,     9,    -7,   -42
13451,     7,     4,   -12
13461,     1,     9,     7
13472,    -1,     6,    19
13482,    -3,     3,     6
13491,    -2,     5,   -17
13502,    -5,     1,   -29
13512,    -7,    -1,   -45
13522,    -1,    -1,   -49
13532,     0,    -6,   -50
13542,     2,    -8,   -51
13552,     1,    -8,   -59
13562,     4,    -7,   -64
13572,     7,    -4,   -71
13582,    13,     0,   -65
13591,    12,     0,   -56
13600,    13,     6,   -37
13610,     6,     6,   -25
13620,     0,     3,   -16
13631,     0,    -1,    -9
13641,     0,    -6,   -15
13650,     2,    -8,   -26
13660,    -2,   -10,   -28
13670,    -8,    -9,   -29
13681,   -10,    -5,   -34
13690,   -13,    -2,   -38
13700,     0,    -3,   -47
13709,    14,    -1,   -57
13720,    10,     3,   -69
13730,    10,     3,   -69
13739,     9,     2,   -64
13750,     3,     2,   -53
13760,     2,     1,   -34
13770,     1,    -1,   -25
13779,    -5,    -1,   -22
13791,    -4,     2,   -22
13800,     0,     0,   -25
13810,    -2,     0,   -33
13820,   -10,     2,   -32
13830,    -9,     6,   -28
13841,     0,     6,   -27
13850,     0,     2,   -32
13860,     0,    -2,   -48
13871,     3,    -4,   -62
13881,     1,    -6,   -64
13891,     1,    -7,   -61
13901,     1,     0,   -49
13911,     6,     2,   -39
13921,    11,     7,   -36
13931,    11,    11,   -31
13940,    13,    13,   -33
13950,    11,    13,   -38
13960,    11,    14,   -43
13971,     6,    15,   -35
13981,     0,    10,   -27
13991,    -2,     2,   -19
14001,    -3,    -2,   -20
14011,    -7,    -6,   -25
14021,    -6,   -10,   -51
14031,    -2,   -14,   -68
14042,     0,   -12,   -79
14052,     3,    -8,   -70
14063,     5,    -6,   -57
14072,    -1,    -7,   -36
14082,    -5,    -5,   -19
14091,    -6,    -8,   -13
14101,   -11,   -23,   -10
14111,    23,   -65,    13
14121,    16,   -62,   -10
14130,   -27,   -57,   -10
14140,   -36,    -6,    -6
14150,   -25,    39,    -6
14160,   -14,    41,    -4
14171,   -11,    27,   -14
14181,    -9,    16,   -31
14191,    -7,    20,   -47
14201,    83,     3,   -97
14211,   126,   -49,   -58
14221,   161,   -72,   -49
14231,   181,   -64,   -46
14241,   167,   -64,   -33
14251,   102,   -34,   -30
14261,    42,   -20,   -22
14271,     5,   -11,   -31
14281,   -69,     4,   -15
14291,  -116,    12,   -16
14301,  -105,    14,   -21
14311,  -119,    45,   -19
14321,  -104,    42,   -34
14331,   -72,    28,   -43
14341,   -56,    18,   -41
14351,   -38,     9,   -50
14361,   -32,   -22,   -49
14371,   -20,   -55,   -54
14381,     7,  -100,   -35
14391,    26,  -158,   -20
14401,    46,   -96,   -33
14411,    46,    16,    -2
14421,     3,    92,   -57
14432,   -43,   105,   -39
14442,   -34,    83,   -63
14452,   -20,    56,   -63
14462,    10,    26,   -52
14472,    33,   -25,    24
14482,    26,  -134,    70
14492,    37,  -137,     4
14502,  -113,  -105,   -14
14512,  -132,  -163,   -76
14522,   -61,   -77,   -12
14532,   -40,   -19,     0
14542,    17,    39,     0
14552,    -2,    48,   -11
14562,   -27,    33,   -21
14572,   -12,    49,   -19
14583,    -4,    92,   -33
14592,   -29,    71,   -39
14601,   -35,    53,   -39
14612,   -17,    69,   -47
14621,   -11,    69,   -47
14631,   -13,    79,   -31
14641,    -6,    72,   -25
14651,    -4,    61,   -30
14661,    -7,    41,   -38
14672,    -6,    24,   -45
14681,    -5,    22,   -48
14691,    -4,    20,   -44
14701,     0,     9,   -39
14711,    -6,    15,   -46
14721,    -6,     0,   -54
14732,   -81,   113,    40
14741,   -96,   243,   100
14752,    -4,    24,   -66
14762,    32,   -96,  -142
14771,    52,  -141,  -141
14781,    31,   -29,   -66
14791,    -2,    40,     8
14801,   -15,    43,    22
14811,   -18,    31,    -2
14821,     0,   -26,   -72
14831,    17,   -76,  -115
14841,    10,   -47,   -69
14852,    14,   -47,   -74
14862,    10,   -36,   -54
14871,    -1,    -9,   -49
14881,     1,   -27,   -75
14891,    -3,   -15,   -83
14902,    -1,   -11,   -75
14912,     3,   -31,   -68
14921,     0,   -19,   -38
14931,     1,    -9,   -12
14941,    -5,    -2,     1
14952,     0,     8,     0
14962,     2,    20,   -16
14971,    -4,    19,   -28
14981,   -11,    29,   -25
14991,    -5,    27,   -24
15001,    21,   -26,   -34
15010,    50,  -120,   -24
15021,    45,  -143,   -35
15031,   -14,   -32,   -70
15040,   -61,    41,   -83
15051,   -35,    14,   -97
15060,   -59,    31,   -67
15071,   -81,    35,   -46
15081,   -66,    25,   -24
15091,   -37,    13,    -7
15102,    -2,    -1,   -11
15112,     9,    -5,   -26
15122,    32,    -4,   -46
15132,    33,     0,   -64
15143,     4,    12,   -67
15155,    10,    20,   -77
15164,    10,    24,   -83
15173,    -6,    -2,   -72
15183,   -39,   -14,   -62
15193,   -50,   -33,   -67
15202,   -52,   -25,   -72
15211,   -16,   -13,   -65
15221,     4,     0,   -48
15231,    17,     9,   -35
15240,     4,    13,   -14
15251,   -17,     0,     4
15261,   -36,    -6,     0
15271,   -47,   -52,   -10
15281,   -22,   -99,   -38
15291,    -5,   -44,   -60
15302,    -9,    23,   -58
15312,   -11,    80,   -61
15322,     2,    89,   -54
15333,   -26,    74,   -41
15343,   -44,    43,   -46
15353,    10,    37,   -53
15363,    23,    24,   -57
15373,    30,    22,   -61
15383,    56,    20,   -54
15393,    57,    33,   -45
15402,    93,    49,   -38
15411,    96,    75,   -24
15421,    82,    86,   -23
15431,    23,    59,   -13
15441,     5,    51,   -17
15451,   -27,    42,   -37
15461,   -29,    51,   -43
15471,    -5,    73,   -43
15481,    78,   162,   -30
15491,   102,   136,   -63
15502,    70,   122,   -61
15513,    13,   126,   -41
15523,   -26,   113,   -30
15533,   -14,    65,   -22
15543,   -49,    -6,   -26
15553,   -72,   -39,   -20
15563,   -71,   -60,   -19
15573,   -20,   -40,   -44
15583,     4,   -27,   -21
15593,    37,     3,   -24
15603,    49,    49,   -11
15613,    55,    54,     7
15623,   -15,    13,     0
15633,   -63,   -71,   -16
15643,   -44,  -126,   -51
15653,   -59,  -120,   -56
15663,   -55,  -102,   -62
15673,   -12,   -38,   -52
15684,    21,    21,   -49
15693,    -6,    33,   -30
15701,   -46,    38,   -31
15711,  -149,    30,    -5
15722,  -135,   -21,   -39
15731,  -128,   -42,   -22
15742,  -154,   -67,   -10
15751,  -149,   -94,   -19
15761,  -111,   -75,   -30
15771,   -50,   -37,   -31
15781,    31,     3,    -5
15792,    30,    36,    -4
15802,    35,    14,   -23
15814,   -15,   -28,   -36
15823,   -12,   -52,   -49
15834,    74,   -47,   -29
15844,   117,   -34,   -41
15854,   119,    11,   -10
15863,   101,    33,   -17
15873,    31,    60,   -12
15883,   -33,    54,   -40
15893,   -59,   -24,   -73
15903,  -113,   -54,   -48
15913,   -52,   -69,   -81
15923,   122,   -62,   -79
15933,   179,    -8,   -74
15943,   125,    17,   -74
15954,    61,    56,   -51
15964,   -25,     7,   -36
15974,   -37,   -41,   -60
15984,    12,   -60,   -74
15993,    51,   -17,   -62
16002,    77,     5,   -25
16012,   140,    -3,   -15
16022,   182,    35,   -10
16032,   118,   -17,   -30
16042,   122,   -73,   -22
16053,   145,   -18,   -26
16062,   115,     6,   -66
16072,   125,   -11,   -94
16082,   111,    -1,   -67
16093,   110,    13,   -63
16103,    96,    35,   -64
16113,    82,    60,   -40
16123,   -34,    11,   -21
16135,  -110,   -10,   -24
16144,  -100,   -39,   -29
16154,   -79,   -60,   -29
16164,    16,   -31,   -36
16174,    76,     6,   -33
16184,   129,    28,   -35
16193,   131,     1,   -56
16203,    32,     1,   -63
16212,   -91,   -54,   -75
16223,  -205,  -121,   -95
16234,  -180,  -126,   -77
16242,  -117,  -154,   -58
16253,   -62,  -145,   -53
16264,   -23,  -101,   -49
16273,    42,   -73,   -46
16282,   178,   -90,   -74
16292,   176,   -65,   -42
16303,   134,   -64,   -21
16313,   126,   -70,   -35
16323,    67,   -23,   -13
16333,    77,   -49,   -15
16343,   147,   -99,   -26
16354,   180,   -95,   -40
16364,   125,   -77,   -50
16374,   111,   -37,   -47
16384,   148,   -48,   -60
16394,   158,   -16,   -56
16403,   120,    11,   -33
16412,   174,     1,   -42
16422,   169,   -21,   -41
16433,   156,    53,   -28
16443,   119,    41,   -23
16452,   163,    84,   -33
16462,   112,    39,   -28
16473,    85,   -53,   -24
16483,    83,  -116,   -44
16493,    43,  -247,   -38
16502,    27,  -181,   -13
16513,    36,  -199,   -46
16523,    57,  -178,   -52
16534,    55,  -102,   -55
16544,    21,  -104,   -58
16554,     3,  -147,   -81
16564,    15,  -138,   -56
16574,    12,  -202,   -40
16584,   -22,  -343,   -13
16593,   -32,  -378,   -37
16603,   -32,  -252,   -56
16613,   -44,   -98,   -31
16622,    -8,   -48,   -57
16633,    28,     8,   -64
16643,    47,    -5,   -56
16653,    93,   -11,   -50
16662,   143,    69,   -58
16672,   141,   187,   -62
16683,   134,   252,   -85
16693,   151,   216,   -70
16703,   160,   149,   -66
16713,   125,   111,   -51
16723,   151,   126,   -53
16733,   126,   176,   -29
16743,   119,   189,   -39
16753,    95,   117,   -25
16763,    89,    72,   -23
16774,    81,    38,   -24
16784,    61,    23,   -27
16794,    68,    51,   -30
16804,    24,    32,   -30
16813,    -6,    24,   -28
16823,   -51,   -34,   -22
16834,   -48,   -82,   -45
16843,    21,   -75,   -56
16853,     2,   -62,   -63
16863,    28,   -10,   -55
16873,    24,    -3,   -51
16883,   116,    25,   -23
16893,    90,    -3,   -19
16903,    64,   -80,   -15
16913,   108,  -114,   -19
16924,   139,   -93,   -10
16934,   102,  -159,   -10
16943,   132,  -210,   -12
16954,   159,  -106,     0
16964,   170,   -24,   -17
16974,   195,    26,   -32
16984,   168,    49,   -39
16994,   136,   -91,   -37
17004,   142,  -175,   -62
17015,   157,  -199,   -54
17024,   153,  -159,   -45
17034,   189,    -5,   -64
17044,   212,    99,   -40
17054,   205,    90,   -20
17064,   211,    47,   -11
17074,   199,   -41,   -20
17084,   167,   -30,   -15
17094,   125,    83,   -34
17104,    89,   222,   -35
17114,    60,   212,   -41
17123,    25,   114,   -33
17133,    11,    56,   -31
17143,    -1,    44,   -30
17153,     0,    40,   -20
17163,    10,    53,   -21
17173,    -3,     3,   -17
17184,    10,   -45,   -32
17193,    31,   -36,   -28
17204,     5,    74,   -31
17213,    50,    90,   -44
17223,    50,   102,   -54
17233,    25,    38,   -55
17243,    57,   -18,   -58
17253,    47,   -34,   -51
17264,    39,   -85,   -49
17273,    75,  -133,   -38
17283,    74,  -109,   -38
17293,    63,  -100,   -42
17304,    86,   -23,   -55
17314,    69,   129,   -53
17323,    49,   154,   -53
17333,    43,    57,   -37
17343,    81,    61,   -31
17353,    86,    66,    -6
17364,    90,    -6,   -12
17374,    83,   -48,   -20
17384,    62,   -16,   -18
17394,    56,   -66,   -19
17403,    54,   -39,   -30
17413,    46,   -16,   -39
17423,    41,   -13,   -43
17433,    15,   -34,   -42
17443,    16,    -1,   -41
17453,    25,    51,   -66
17464,    24,    79,   -47
17474,    51,    69,   -43
17483,    57,    28,   -43
17493,    71,   -36,   -41
17503,    89,  -168,   -37
17514,   126,  -253,   -34
17524,   173,  -304,   -33
17534,   155,  -214,   -38
17543,   105,   -92,   -44
17553,    53,    32,   -48
17564,    30,   101,   -49
17574,    38,   172,   -47
17584,    29,   167,   -37
17594,    36,    82,   -31
17603,    48,     9,   -25
17613,    55,    -8,   -30
17624,    47,   -13,   -32
17634,    45,   -34,   -35
17644,    52,   -52,   -29
17654,    27,    58,   -29
17665,    20,   141,   -31
17675,    28,    99,   -37
17685,    30,    89,   -34
17695,    26,    93,   -32
17706,    29,    75,   -33
17715,    24,    61,   -30
17723,    15,    36,   -24
17733,    13,     3,   -25
17742,    15,   -14,   -25
17753,    34,     7,   -27
17763,    53,    10,   -27
17773,    55,     3,   -37
17783,    49,     4,   -45
17793,    48,    13,   -40
17803,    45,    31,   -31
17813,    40,    46,   -25
17823,    28,    10,   -37
17833,     0,   -24,   -37
17844,   -16,   -42,   -37
17854,     1,   -52,   -51
17864,    39,   -24,   -59
17873,    44,   -14,   -56
17884,    60,     2,   -37
17894,    87,     8,   -31
17904,    86,    21,   -18
17914,    67,   -12,   -22
17925,    62,   -53,   -34
17935,    59,   -52,   -45
17945,    58,   -37,   -42
17955,    54,   -28,   -45
17965,    52,   -17,   -38
17975,    52,   -12,   -34
17985,    52,    -8,   -37
17995,    46,    -5,   -38
18005,    42,   -11,   -40
18015,    42,   -19,   -44
18025,    38,   -20,   -43
18035,    37,   -19,   -40
18045,    31,   -15,   -31
18055,    -6,   -46,   -24
18065,   -28,   -37,   -20
18075,     0,   -38,   -31
18085,    50,   -19,   -42
18095,    68,   -14,   -54
18105,    78,     0,   -59
18115,    80,     1,   -48
18125,    70,     0,   -37
18135,    62,    -4,   -36
18145,    51,    -3,   -35
18155,    48,    -8,   -35
18165,    43,    -9,   -41
18175,    43,   -12,   -42
18185,    43,   -11,   -49
18195,    40,   -15,   -42
18205,    39,   -13,   -35
18215,    39,    -7,   -25
18225,    39,    -6,   -27
18235,    34,   -10,   -27
18245,    31,    -9,   -34
18255,    32,    -7,   -48
18265,    31,    -2,   -50
18275,    35,     2,   -55
18285,    39,     1,   -49
18295,    40,     0,   -46
18305,    35,     3,   -39
18315,    35,     2,   -35
18325,    29,     0,   -35
18335,    31,    -6,   -38
18345,    34,    -8,   -42
18355,    37,    -4,   -41
18365,    35,    -5,   -39
18375,    36,   -10,   -33
18385,    34,   -12,   -28
18395,    34,   -13,   -24
18405,    33,    -9,   -26
18415,    35,    -6,   -36
18424,    32,    -7,   -42
18433,    31,    -8,   -40
18444,    32,   -13,   -37
18453,    34,   -10,   -36
18463,    35,   -10,   -36
18474,    35,   -10,   -39
18483,    33,   -13,   -44
18493,    28,   -17,   -48
18503,    32,   -14,   -45
18513,    26,   -14,   -45
18526,    22,   -12,   -40
18536,    22,    -9,   -36
18546,    22,   -13,   -36
18556,    24,   -14,   -34
18565,    22,   -16,   -36
18575,    23,   -16,   -40
18586,    22,   -23,   -38
18596,    22,   -23,   -41
18606,    25,   -17,   -45
18616,    27,   -14,   -30
18626,    28,   -10,   -30
18636,    27,   -12,   -28
18646,    31,   -18,   -42
18656,    34,   -10,   -45
18666,    38,   -10,   -46
18676,    38,    -5,   -47
18686,    33,    -1,   -37
18696,    26,    -6,   -36
18706,    24,    -6,   -30
18716,    22,    -2,   -31
18726,    22,    -2,   -28
18736,    25,    -3,   -28
18746,    26,    -5,   -29
18756,    20,    -8,   -37
18766,    20,    -7,   -38
18776,    16,    -9,   -34
18786,    19,    -9,   -32
18796,    19,    -9,   -36
18805,    17,   -11,   -52
18816,    15,   -10,   -57
18826,    18,   -16,   -56
18835,    18,   -14,   -59
18846,    18,   -16,   -49
18856,    18,   -13,   -38
18865,    17,   -10,   -33
18875,    16,    -7,   -27
18885,    16,   -16,   -28
18895,    17,   -20,   -33
18905,    14,   -21,   -35
18915,    12,   -18,   -35
18926,    14,   -14,   -35
18936,    17,   -11,   -41
18946,    15,   -10,   -33
18956,    15,   -11,   -40
18966,    16,   -11,   -57
18976,    18,   -11,   -61
18986,    16,   -10,   -59
18996,    11,   -14,   -50
19005,     8,   -21,   -39
19016,     5,   -15,   -35
19026,     7,   -17,   -30
19036,    14,   -12,   -20
19046,    21,   -10,   -22
19056,    23,    -9,   -28
19066,    22,    -6,   -29
19075,    18,    -4,   -32
19085,    17,    -3,   -37
19095,    20,    -2,   -47
19105,    19,    -2,   -47
19116,    18,    -4,   -37
19126,    17,    -3,   -35
19136,    15,    -2,   -38
19146,    17,     0,   -41
19156,    20,     0,   -39
19166,    21,    -1,   -34
19176,    23,    -7,   -33
19186,    25,    -2,   -27
19196,    24,    -5,   -23
19206,    23,    -4,   -30
19216,    21,   -12,   -40
19226,    15,   -14,   -42
19236,    15,   -13,   -42
19246,    17,   -11,   -45
19256,    18,    -8,   -49
19266,    18,   -10,   -59
19276,    17,   -10,   -57
19286,    16,   -11,   -54
19296,    10,   -11,   -55
19306,    12,    -8,   -59
19316,    15,    -9,   -58
19326,    18,   -13,   -48
19336,    22,   -11,   -36
19346,    19,   -10,   -28
19356,    20,    -6,   -27
19366,    14,    -6,   -29
19376,    14,    -7,   -44
19386,    15,    -4,   -49
19396,    12,     0,   -50
19405,    13,     0,   -41
19416,    10,     1,   -37
19425,    13,     1,   -39
19437,     8,    -4,   -47
19445,    14,    -9,   -52
19455,    13,    -6,   -47
19465,    14,    -7,   -41
19475,    11,    -6,   -29
19485,    13,    -2,   -26
19495,    15,    -6,   -20
19505,    17,    -3,   -21
19515,    18,     0,   -25
19525,    18,     1,   -36
19537,    13,    -6,   -39
19544,    14,    -8,   -36
19554,    16,    -8,   -28
19564,    20,    -3,   -27
19575,    22,    -1,   -28
19584,    26,    -1,   -32
19594,    26,    -2,   -42
19604,    22,    -1,   -43
19614,    19,    -2,   -39
19625,    13,    -3,   -25
19636,    14,    -8,   -19
19645,    14,    -8,   -19
19655,    16,    -7,   -30
19665,    21,     0,   -42
19675,    25,    -3,   -48
19685,    28,   -12,   -60
19696,    24,    -4,   -56
19706,    25,    -6,   -47
19716,    25,    -5,   -38
19725,    19,    -5,   -36
19735,    11,   -10,   -31
19744,    14,   -12,   -28
19755,    13,   -11,   -33
19764,    16,    -5,   -38
19774,    21,    -4,   -43
19785,    17,    -7,   -44
19795,    15,     0,   -31
19805,    12,    -3,   -20
19815,    11,   -10,   -21
19824,    10,   -14,   -36
19835,     7,    -9,   -51
19845,     7,   -11,   -58
19854,     9,    -8,   -62
19864,    14,    -5,   -54
19875,    15,    -6,   -49
19885,    11,    -5,   -38
19895,    10,    -4,   -30
19904,    13,    -5,   -28
19915,     9,    -3,   -29
19924,     6,    -3,   -26
19935,    13,    -4,   -32
19945,     8,    -6,   -26
19955,    10,    -2,   -29
19965,     9,    -5,   -35
19976,     7,   -10,   -40
19986,     9,    -9,   -51
19996,    11,    -8,   -61
20005,     5,   -10,   -57
20015,     4,    -4,   -44
20025,    10,    -3,   -39
20032,     9,    -3,   -33
20042,     9,    -4,   -36
20052,    11,    -4,   -39
20063,     9,    -6,   -34
20072,    15,    -8,   -33
20082,    19,   -10,   -27
20092,    12,    -8,   -27
20102,     9,    -7,   -30
20113,     6,    -3,   -41
20123,    12,    -3,   -45
20132,    12,    -2,   -50
20143,     8,    -3,   -56
20153,     8,     2,   -57
20162,    11,     0,   -49
20172,    10,    -7,   -33
20182,    16,   -11,   -26
20193,    12,   -14,   -23
20202,    15,   -13,   -31
20212,    20,   -13,   -34
20222,    18,    -9,   -27
20233,    17,    -1,   -22
20242,    16,     1,   -31
20252,    12,    -1,   -37
20263,    11,    -1,   -55
20273,     7,    -3,   -72
20283,     5,    -2,   -80
20293,     7,    -3,   -74
20302,     3,     0,   -64
20313,     0,    -1,   -56
20323,     2,     0,   -34
20333,     5,     0,   -27
20343,     5,     7,   -20
20352,    14,     7,   -23
20363,    16,     5,   -21
20372,    15,     1,   -16
20383,    16,     0,   -16
20393,    12,     2,   -10
20403,     9,     7,   -17
20413,     2,     7,   -28
20422,     0,     5,   -34
20433,    -1,     6,   -49
20443,    -1,     1,   -55
20453,     3,     0,   -51
20462,    11,     2,   -46
20473,    16,     4,   -42
20483,    15,     2,   -42
20493,    14,     0,   -36
20503,    11,    -2,   -34
20512,    10,     0,   -39
20523,     4,    -3,   -38
20533,     3,     0,   -35
20543,     3,    -3,   -27
20553,     1,    -5,   -31
20563,     4,    -9,   -36
20573,     6,    -7,   -39
20582,     8,    -3,   -41
20593,     3,    -3,   -38
20602,     5,    -3,   -32
20613,     6,    -7,   -22
20623,    10,    -2,   -21
20633,     7,     0,   -20
20643,     2,    -2,   -22
20653,     4,    -6,   -30
20663,     5,    -2,   -26
20673,     5,     3,   -22
20683,     8,    10,   -24
20693,     5,    15,   -15
20703,     8,     7,   -23
20713,    14,     2,   -33
20723,    21,    -2,   -42
20736,    16,     3,   -38
20746,     7,     2,   -45
20756,     2,     1,   -50
20766,     2,    -6,   -54
20776,     4,    -5,   -65
20786,     4,    -6,   -74
20796,     0,    -4,   -74
20806,    -5,    -6,   -70
20816,    -5,    -9,   -61
20826,    -7,    -8,   -48
20836,    -6,    -8,   -35
20846,    -3,   -13,   -29
20856,     2,   -18,   -19
20866,     4,   -16,   -20
20876,     6,   -16,   -31
20886,     0,   -10,   -30
20896,    -7,     2,   -26
20906,    -5,     1,   -28
20916,     2,    -3,   -38
20926,     7,   -15,   -49
20936,    11,   -15,   -60
20946,    14,    -7,   -67
20956,    18,     5,   -69
20966,    15,     4,   -60
20977,    13,     7,   -43
20986,    14,    10,   -32
20996,    15,     9,   -18
21006,    15,    16,   -15
21016,    11,    16,   -17
21029,     7,    16,   -32
21037,     6,    15,   -35
21046,     4,    13,   -43
21057,     4,    11,   -43
21067,     5,     6,   -41
21077,     4,     4,   -46
21086,     3,    -4,   -47
21096,    -1,    -6,   -55
21106,     2,   -15,   -60
21116,     0,   -16,   -60
21127,     1,   -15,   -45
21137,     9,   -22,   -36
21146,    16,   -22,   -26
21157,    16,   -22,   -24
21166,    15,   -18,   -33
21176,     9,   -22,   -44
21186,     5,   -18,   -51
21196,     5,   -19,   -58
21206,     2,   -18,   -55
21216,     1,   -15,   -45
21226,     2,    -2,   -35
21236,     1,     0,   -30
21245,     7,    -2,   -37
21256,     6,     2,   -52
21266,     9,     6,   -49
21276,    11,     2,   -41
21285,     9,     4,   -23
21296,    14,     9,   -13
21306,    13,    13,    -7
21316,    12,    12,   -15
21326,     6,     8,   -28
21336,     6,     8,   -35
21345,     3,     4,   -47
21356,     6,     7,   -60
21366,     4,     7,   -59
21375,    -1,     5,   -44
21386,    -6,     5,   -43
21396,    -9,    -4,   -47
21405,   -12,    -3,   -51
21416,   -72,    26,  -140
21426,   -25,     6,  -111
21435,     6,   -19,   -81
21447,     8,   -12,   -58
21456,    -4,   -31,   -38
21466,     2,   -28,   -21
21476,     4,   -22,   -21
21486,   -21,   -22,   -65
21496,     9,   -23,   -59
21506,    21,   -25,   -54
21516,    25,   -15,   -49
21526,    27,    -8,   -46
21535,    23,    -3,   -55
21546,    19,     1,   -46
21556,    17,     2,   -48
21566,    12,     9,   -48
21576,     8,    13,   -45
21586,     6,    21,   -37
21595,     4,    23,   -30
21606,     2,    22,   -21
21616,     0,    18,   -13
21626,    -7,    20,    -8
21636,   -42,    -9,    33
21648,   -25,     1,    34
21658,    -5,    -4,    -7
21668,   -42,    25,   -18
21677,   -29,    10,   -31
21687,   -78,    33,   -16
21697,  -139,    47,    -7
21707,   -82,   -17,   -16
21718,   -60,   -12,   -21
21728,    26,   -28,   -33
21738,   107,   -46,   -38
21746,   113,   -39,   -35
21756,    85,   -30,   -31
21766,    62,     7,   -23
21776,    27,   -17,   -74
21786,    51,   -28,   -48
21796,    49,   -18,   -44
21806,   -35,    34,    21
21816,  -107,    51,    47
21826,    52,   -62,    36
21836,    50,   -46,    18
21847,    13,     7,    12
21858,   -90,    47,    44
21867,   -49,    36,    37
21877,    40,    -7,    22
21888,    56,     1,     2
21898,    15,    19,   -16
21908,   -31,    78,    -3
21918,     1,    34,    -9
21927,    37,    30,   -21
21938,   -76,    60,   -17
21948,     1,     0,    -1
21957,   -72,    49,    -3
21967,  -115,    22,   -11
21977,   -26,   -17,   -29
21987,    88,   -64,   -43
21997,   -34,    43,   -28
22007,   -15,    -5,   -55
22017,    70,   -52,   -65
22027,   114,    36,   -53
22037,   122,    45,   -68
22046,   103,    37,   -69
22056,   102,    24,   -70
22066,    48,    39,   -70
22076,    76,    67,   -58
22086,     1,    -7,   -41
22096,   -45,   -69,   -28
22106,   -87,   -67,   -18
22116,  -123,   -94,    -1
22126,   -81,  -102,   -17
22137,     0,   -85,   -34
22148,   -39,   -91,   -41
22160,   -35,  -105,   -52
22170,   -67,   -75,   -43
22180,    -4,   -42,   -47
22191,    45,    -1,   -46
22201,    15,   -12,   -24
22211,    40,  -100,   -54
22222,    67,  -152,   -49
22232,    59,  -160,   -44
22242,    26,  -244,   -16
22248,   -10,  -348,   -23
22254,    34,  -411,   -20
22264,    63,  -379,     0
22274,   104,  -385,   -33
22284,    56,  -248,     1
22294,    41,  -120,    11
22304,    64,   -24,    -7
22314,    -5,    52,   -17
22324,    15,   169,   -21
22334,    97,   250,   -62
22344,   114,   314,   -69
22354,    53,   176,   -80
22364,    48,   147,   -68
22374,   104,   106,   -76
22384,   110,   229,   -49
22394,    90,   245,   -57
22404,    82,   271,   -48
22414,    44,   196,   -42
22424,    27,   161,   -39
22434,    45,   181,   -34
22444,    34,    86,   -43
22454,    31,    97,   -35
22464,    61,    53,   -50
22474,    76,    78,   -49
22484,    88,    38,   -64
22494,    72,    59,   -48
22504,    77,   114,   -50
22514,    28,    54,   -42
22524,    -9,   -38,   -54
22534,    32,   -32,   -60
22544,   -42,   -70,    -7
22554,     8,     6,     4
22565,   -16,   -55,   -15
22574,   -24,   -80,   -22
22585,    45,   -14,   -26
22595,    29,   -38,   -34
22605,    77,    74,   -30
22614,    83,   100,   -27
22624,    89,    96,   -29
22634,    86,    96,   -26
22644,   137,   114,   -50
22654,    78,   155,    -8
22664,   102,   119,   -57
22675,   162,    94,   -99
22685,   151,    65,  -102
22694,   104,    40,   -54
22704,    68,    10,   -27
22714,    65,   -15,    -7
22724,    40,   -25,     2
22734,     9,   -70,   -10
22744,   -12,  -100,   -32
22755,   -15,  -125,   -56
22765,    -8,  -135,   -54
22774,     1,  -104,   -79
22784,    30,   -58,   -60
22794,    18,    -9,   -35
22804,   -47,   -56,   -24
22815,   -25,   -36,   -44
22824,   -26,   -61,   -30
22835,     0,   -16,   -19
22845,   -22,     5,     0
22855,   -62,   -27,    18
22864,   -23,   -80,    29
22875,    20,   -51,    -2
22885,    29,   -36,   -12
22895,    -4,   -93,   -36
22904,    19,   -39,   -11
22915,    88,     0,   -56
22924,    71,    13,   -58
22935,    63,    16,   -57
22944,    68,    -3,   -50
22957,    61,    25,   -15
22968,    68,    26,   -27
22978,    80,    13,   -26
22988,    71,     6,   -50
22998,   111,  -106,   -93
23008,    71,   -19,   -34
23018,    53,   -33,   -22
23028,    48,  -101,   -23
23037,    29,  -135,   -28
23048,    -3,   -99,   -20
23057,    14,   -48,   -33
23067,    85,   -10,   -62
23077,    80,   -11,   -78
23087,    48,    25,   -88
23097,    11,    44,   -47
23107,    42,    66,   -21
23118,    43,   118,    -5
23127,    88,    44,   -34
23137,   104,    27,   -50
23147,    92,    31,   -49
23157,   122,   116,   -46
23167,    74,   126,   -13
23177,    20,    43,    -4
23187,     1,    42,     1
23197,    41,    58,     8
23207,    54,     6,    -5
23217,    89,     5,   -29
23227,   136,     4,   -67
23237,   103,   -40,   -74
23247,    59,   -51,   -57
23257,    50,   -96,   -48
23267,    53,  -105,   -54
23278,    29,   -81,   -47
23287,    67,   -19,   -43
23297,    44,     2,   -11
23307,    76,    29,    13
23317,   126,    48,     0
23327,   178,    83,    -3
23337,   203,   105,    -6
23347,   167,    47,   -17
23357,   167,    36,   -23
23367,   162,    30,   -39
23377,   157,     1,   -48
23387,    82,    27,    -7
23397,    70,    18,   -12
23407,    57,    85,   -15
23418,    65,    89,   -41
23428,    34,    41,   -23
23437,    26,   -34,   -27
23447,    14,   -47,   -21
23458,    19,   -31,   -15
23468,    36,   -21,   -19
23478,    37,   -28,    -6
23489,    39,     0,    -4
23499,    57,     3,   -22
23509,    51,    21,   -16
23519,    37,    32,    -8
23528,    18,     5,     4
23538,    22,    14,    -9
23548,    25,    -1,   -34
23557,    24,   -21,   -47
23567,     5,   -86,   -53
23578,    -7,  -163,   -63
23587,     4,  -167,   -38
23598,     4,  -236,   -37
23608,    15,  -266,   -43
23617,    28,  -331,   -22
23628,    23,  -362,   -11
23637,    60,  -253,   -15
23647,    85,  -177,   -20
23656,   141,  -174,   -28
23665,   174,  -114,   -20
23675,   169,  -108,    -2
23685,   184,  -165,    -5
23695,   161,  -180,     1
23705,   178,  -223,    -3
23715,   224,  -324,   -17
23725,   202,  -197,   -28
23735,   153,   -30,   -36
23745,   132,    91,   -17
23755,   104,    -3,    -5
23765,    96,   -38,     1
23775,    86,    29,   -19
23785,    39,   202,   -36
23795,   -17,   182,   -65
23805,   -41,   171,   -56
23815,   -47,   201,   -50
23825,   -59,   195,   -34
23835,   -27,   143,   -10
23845,    14,    93,    -8
23855,   -17,   133,    -5
23866,   -29,   155,   -24
23876,   -26,   167,   -52
23885,   -39,   230,   -60
23895,   -33,   233,   -56
23905,    -1,   214,   -46
23916,    -1,   175,   -42
23925,   -24,   137,   -25
23935,   -18,    99,   -33
23945,    19,    78,   -32
23956,    56,    47,   -47
23965,    63,    40,   -40
23975,    76,     7,   -42
23986,    76,    -3,   -32
23996,    54,   -17,   -20
24006,    57,   -31,   -34
24015,    72,   -38,   -44
24025,    63,   -24,   -51
24035,    62,    -4,   -56
24045,    83,    19,   -46
24056,   115,    51,   -39
24066,   101,    47,   -24
24075,    79,    51,   -16
24086,    60,    81,   -22
24095,   121,   131,   -40
24105,    99,   113,   -23
24115,    97,    71,   -38
24125,    98,    49,   -40
24135,    56,   -53,   -39
24146,    45,  -104,   -49
24156,    60,   -96,   -52
24166,    42,  -115,   -54
24175,    37,  -120,   -56
24185,    36,   -97,   -47
24195,    26,  -103,   -44
24206,    26,  -114,   -45
24216,    24,  -119,   -48
24226,    19,  -115,   -48
24235,    25,   -96,   -37
24245,    32,   -78,   -35
24255,    34,   -62,   -37
24266,    40,   -45,   -41
24276,    41,   -31,   -42
24286,    38,   -17,   -55
24295,    40,   -10,   -58
24305,    45,   -10,   -58
24316,    49,    -5,   -50
24325,    47,    -4,   -39
24336,    43,    -4,   -30
24346,    48,    -4,   -25
24356,    49,   -10,   -32
24369,    49,   -10,   -39
24378,    54,   -15,   -44
24389,    53,   -18,   -36
24399,    49,   -18,   -31
24409,    52,   -18,   -23
24419,    54,   -19,   -16
24429,    50,   -14,   -11
24439,    41,   -16,   -21
24449,    38,   -14,   -43
24459,    41,   -10,   -51
24466,    42,   -10,   -49
24476,    43,   -10,   -42
24486,    43,   -13,   -36
24496,    38,   -13,   -28
24506,    40,   -15,   -30
24516,    45,   -21,   -32
24526,    42,   -15,   -41
24536,    40,   -14,   -47
24546,    40,   -13,   -45
24556,    40,   -13,   -39
24566,    43,   -13,   -25
24576,    43,   -10,   -24
24586,    39,    -4,   -37
24596,    39,    -9,   -42
24606,    41,   -14,   -46
24616,    42,   -64,   -34
24626,    54,   -38,   -26
24636,    45,     4,   -38
24646,    40,    22,   -47
24656,    38,    11,   -36
24666,    38,    -7,   -29
24676,    28,    -3,   -19
24686,    31,   -31,   -17
24696,    27,   -34,   -15
24706,    26,   -49,   -27
24716,    21,   -48,   -29
24726,    31,   -70,   -42
24736,    30,   -71,   -47
24746,    29,   -94,   -39
24756,    25,  -121,   -36
24766,    20,  -154,   -35
24776,    39,  -269,   -42
24786,    63,  -279,   -40
24796,    46,  -177,   -40
24806,    32,   -72,   -31
24816,    45,   -84,   -32
24826,    57,    -6,   -19
24836,    65,    45,   -27
24846,    78,     9,   -31
24856,   104,   -79,   -37
24866,    89,    14,   -41
24876,    68,    46,   -53
24886,    60,    66,   -65
24896,    40,   145,   -88
24906,   -37,   308,   -86
24916,   -31,   251,   -74
24926,   -21,   179,   -49
24936,    -8,   121,   -34
24946,     0,    83,   -23
24956,     4,    53,   -25
24966,    11,    33,   -32
24976,    20,    21,   -38
24986,    26,     4,   -37
24996,    28,     0,   -34
25006,    31,    -4,   -30
25017,    26,    -7,   -28
25026,    27,    -9,   -34
25036,    24,   -14,   -37
25046,    27,   -16,   -43
25056,    26,   -18,   -49
25066,    26,   -12,   -49
25076,    28,    -8,   -50
25086,    26,    -8,   -48
25096,    29,    -9,   -33
25106,    28,     2,   -23
25116,    26,   -11,   -18
25126,    25,   -16,   -16
25136,    30,   -13,   -21
25146,    36,   -14,   -29
25158,    42,   -10,   -44
25166,    50,   -10,   -43
25180,    51,   -10,   -38
25190,    39,   -12,   -35
25200,    36,   -13,   -43
25211,    33,    -7,   -53
25221,    32,    -7,   -62
25230,    29,    -8,   -66
25240,    29,    -9,   -67
25251,    28,    -8,   -48
25260,    26,    -7,   -28
25270,    26,    -3,   -15
25279,    25,    -5,    -9
25289,    22,    -7,   -16
25299,    18,    -6,   -30
25308,    18,    -6,   -41
25319,    19,   -11,   -37
25329,    22,   -14,   -34
25339,    21,   -12,   -32
25348,    20,    -5,   -31
25359,    25,    -6,   -37
25369,    29,    -6,   -41
25379,    33,    -1,   -48
25389,    28,    -6,   -53
25399,    25,   -12,   -49
25409,    26,   -15,   -37
25419,    23,   -12,   -27
25429,    25,   -19,   -25
25439,    27,   -24,   -22
25449,    30,   -22,   -25
25459,    38,   -20,   -39
25469,    40,   -22,   -43
25479,    41,   -20,   -47
25489,    35,   -14,   -43
25499,    28,    -6,   -38
25509,    34,    -7,   -35
25519,    32,    -6,   -42
25529,    31,    -5,   -39
25539,    31,   -10,   -43
25549,    23,   -12,   -45
25559,    25,   -10,   -39
25569,    24,   -13,   -38
25581,    19,   -14,   -32
25590,    19,   -10,   -29
25600,    15,   -11,   -32
25610,    13,   -11,   -37
25620,    11,    -7,   -43
25630,     6,    -7,   -50
25639,    11,    -7,   -53
25650,    16,    -8,   -51
25660,    16,    -9,   -51
25670,    19,    -9,   -50
25677,    20,    -9,   -48
25687,    25,    -9,   -45
25697,    24,   -11,   -44
25706,    24,    -7,   -43
25717,    26,    -6,   -40
25727,    24,    -2,   -30
25737,    24,    -6,   -22
25747,    22,    -5,   -24
25757,    23,   -11,   -27
25767,    20,   -12,   -29
25777,    22,    -8,   -39
25787,    23,    -4,   -44
25797,    24,    -8,   -40
25807,    20,    -5,   -42
25817,    22,    -5,   -47
25827,    21,    -7,   -52
25837,    16,    -7,   -52
25847,    15,    -5,   -51
25857,    12,    -4,   -49
25867,    10,    -1,   -41
25877,     9,    -4,   -32
25887,     6,     0,   -35
25897,    12,    -1,   -39
25907,    14,    -2,   -43
25917,    12,    -8,   -46
25927,    13,    -9,   -45
25937,    15,    -9,   -47
25947,    10,    -8,   -43
25957,     9,    -4,   -36
25967,    13,    -2,   -35
25977,    12,    -3,   -35
25987,    10,     0,   -39
25997,    10,    -2,   -44
26007,     9,    -2,   -41
26017,    17,     0,   -38
26027,    20,    -2,   -31
26037,    19,     0,   -26
26047,    23,    -1,   -21
26057,    25,    -2,   -23
26067,    21,    -4,   -33
26077,    22,    -8,   -44
26087,    19,    -5,   -52
26097,    22,    -1,   -54
26107,    25,    -3,   -54
26117,    23,    -2,   -45
26127,    19,     1,   -40
26137,    20,    -1,   -48
26147,    16,    -8,   -52
26157,    17,    -8,   -52
26167,    15,    -8,   -48
26177,    12,    -7,   -33
26187,     9,    -5,   -20
26197,     5,    -1,   -23
26207,     1,     0,   -38
26217,     1,     0,   -50
26227,     5,    -1,   -55
26237,    10,    -3,   -53
26247,     9,    -3,   -51
26257,     6,    -6,   -51
26267,     7,    -6,   -47
26277,     6,    -7,   -45
26288,    11,    -5,   -36
26297,     7,    -6,   -35
26307,     9,    -9,   -40
26317,    10,    -7,   -45
26327,    13,    -3,   -47
26337,    19,    -4,   -45
26347,    21,    -3,   -37
26357,    21,    -5,   -42
26367,    22,    -7,   -44
26377,    20,    -9,   -48
26389,    14,    -6,   -52
26399,    10,    -7,   -60
26410,    16,    -8,   -56
26420,    11,    -9,   -48
26430,    14,   -12,   -43
26439,    15,   -11,   -41
26450,    10,    -8,   -39
26459,     6,    -6,   -46
26470,     8,   -10,   -52
26484,     5,    -9,   -54
26492,     4,   -11,   -53
26500,     2,   -11,   -47
26511,     2,    -7,   -44
26520,     2,   -10,   -40
26530,     3,   -10,   -37
26541,     1,    -9,   -40
26551,     6,    -8,   -49
26560,    10,    -2,   -54
26569,    11,    -2,   -55
26580,     8,    -4,   -46
26591,     9,    -5,   -41
26601,    10,    -2,   -40
26611,     7,    -2,   -42
26621,     4,     2,   -42
26631,     9,     2,   -35
26641,    13,     0,   -35
26650,    19,    -2,   -30
26660,    19,    -2,   -36
26670,    15,    -3,   -36
26680,    14,    -6,   -38
26688,    13,    -5,   -37
26698,    16,    -5,   -35
26707,    10,    -7,   -37
26718,    12,    -4,   -30
26728,    10,    -8,   -28
26738,     6,    -6,   -35
26747,     0,    -9,   -42
26757,     2,    -5,   -43
26768,     3,    -1,   -42
26778,     3,    -6,   -49
26788,     2,    -5,   -52
26798,     4,    -2,   -45
26808,     9,    -2,   -39
26817,    10,    -3,   -40
26828,    14,    -9,   -42
26838,    15,    -8,   -50
26848,    13,    -8,   -51
26858,    14,    -9,   -51
26867,    13,   -10,   -45
26878,    10,    -6,   -46
26888,    11,    -6,   -42
26898,    14,    -4,   -37
26908,    12,    -2,   -43
26918,    11,    -2,   -48
26928,    12,    -4,   -48
26938,    10,    -2,   -46
26948,     6,    -7,   -45
26958,     8,    -6,   -47
26968,    11,    -7,   -45
26978,    11,    -4,   -37
26988,    10,    -5,   -38
26998,     5,    -3,   -37
27008,     7,    -3,   -33
27018,     7,    -4,   -33
27028,     8,    -6,   -45
27038,     5,   -10,   -50
27048,     7,    -6,   -49
27058,     4,    -2,   -43
27068,     1,     2,   -50
27078,     2,     0,   -54
27088,     4,    -4,   -51
27098,     5,    -5,   -51
27108,     7,    -8,   -47
27118,     4,    -7,   -41
27128,     3,    -6,   -45
27138,     9,    -2,   -44
27148,    12,    -1,   -48
27158,    15,    -1,   -57
27168,    12,    -5,   -51
27178,     6,    -2,   -40
27188,    11,    -5,   -33
27198,    19,    -4,   -34
27208,    21,    -3,   -35
27218,    15,     0,   -43
27228,    18,    -1,   -50
27238,    18,    -5,   -44
27248,    16,    -2,   -34
27258,    10,    -1,   -23
27268,     7,     1,   -15
27278,     9,    -1,   -14
27288,     5,     6,   -27
27298,     3,     2,   -43
27308,     6,    -1,   -53
27318,     8,    -2,   -58
27328,     6,    -1,   -57
27338,     1,     0,   -51
27348,    -2,     0,   -45
27358,    -5,    -2,   -43
27368,    -8,     1,   -44
27378,    -6,     1,   -51
27389,     0,    -1,   -49
27401,     0,     2,   -44
27412,     1,     1,   -38
27422,     2,     3,   -27
27431,     0,     0,   -21
27441,     5,    -7,   -21
27451,     9,    -8,   -28
27461,    10,   -13,   -39
27472,    12,   -15,   -51
27481,     9,   -12,   -62
27491,     9,   -12,   -64
27500,     7,   -13,   -61
27510,     8,   -13,   -58
27521,     9,   -10,   -56
27531,     7,   -11,   -60
27540,     8,   -11,   -61
27551,    10,    -8,   -58
27560,    12,    -9,   -53
27570,    15,    -6,   -38
27581,    11,    -8,   -36
27591,     3,   -11,   -24
27600,     5,   -13,   -20
27611,     9,   -10,   -30
27621,    10,    -6,   -39
27631,     8,   -10,   -51
27641,     4,    -5,   -53
27651,     0,    -7,   -52
27661,     3,    -6,   -51
27670,     2,    -9,   -46
27681,     5,    -8,   -47
27691,     4,    -7,   -50
27698,     4,    -3,   -51
27708,     7,    -2,   -62
27718,     8,     2,   -64
27728,     5,     3,   -55
27738,     2,     1,   -40
27748,     0,     0,   -32
27759,     0,    -2,   -33
27768,     0,    -8,   -35
27779,     1,    -8,   -41
27788,     5,    -6,   -46
27798,    12,    -6,   -45
27809,    14,    -5,   -43
27818,    14,    -3,   -43
27828,    12,    -2,   -41
27838,     9,    -2,   -41
27848,     5,     1,   -54
27858,     3,     2,   -62
27868,     2,     4,   -62
27878,     5,    -1,   -60
27888,    11,     0,   -59
27899,    12,     3,   -51
27908,     9,     0,   -43
27918,     5,    -2,   -45
27929,     7,    -7,   -44
27938,    10,   -12,   -40
27949,     9,   -13,   -42
27959,     9,   -12,   -39
27968,     9,    -7,   -49
27979,     9,     0,   -47
27989,     7,     1,   -45
27998,     3,    -3,   -40
28009,     0,    -2,   -45
28018,     0,     0,   -49
28029,     3,     0,   -49
28039,     8,    -1,   -49
28049,     5,    -4,   -46
28059,     5,    -4,   -40
28069,     5,    -5,   -36
28078,     8,    -4,   -26
28089,    11,    -3,   -27
28099,    13,     2,   -29
28109,     7,     0,   -27
28118,     6,    -1,   -30
28129,    13,    -2,   -27
28138,    12,    -6,   -29
28149,    11,    -8,   -37
28159,    11,    -9,   -44
28169,    10,    -7,   -51
28178,     9,    -3,   -54
28189,     3,     3,   -51
28199,     2,     0,   -48
28209,    -2,     2,   -43
28218,    -8,     2,   -38
28229,   -12,     3,   -32
28239,    -8,     1,   -24
28249,     1,    -4,   -24
28259,     2,    -5,   -27
28269,     6,    -8,   -37
28279,     6,    -7,   -47
28289,     1,    -5,   -50
28298,    -2,    -8,   -46
28309,     1,   -11,   -42
28319,     5,   -10,   -41
28329,    11,    -7,   -40
28339,     8,    -8,   -48
28349,     4,    -5,   -51
28359,     2,     0,   -51
28369,     0,    -1,   -47
28379,    -3,     1,   -41
28389,    -4,     1,   -37
28399,    -2,     1,   -39
28411,    -4,     1,   -44
28421,     0,    -3,   -50
28431,     2,    -2,   -45
28441,    10,    -2,   -48
28451,     7,    -5,   -45
28461,     6,    -9,   -44
28471,     3,    -6,   -36
28482,     0,    -4,   -34
28491,     2,    -6,   -40
28501,     2,    -6,   -44
28512,     3,   -10,   -49
28522,     0,   -15,   -50
28531,     6,   -14,   -43
28541,     6,   -10,   -41
28552,     2,   -11,   -37
28561,    -1,   -11,   -43
28571,    -2,   -11,   -45
28582,    -7,    -9,   -38
28591,   -10,   -13,   -43
28601,   -19,   -46,   -44
28609,   -13,   -42,   -45
28619,   -21,   -53,   -47
28629,   -16,   -50,   -46
28639,   -17,   -43,   -45
28649,   -14,   -46,   -58
28659,   -11,   -41,   -53
28669,   -10,   -42,   -44
28679,   -15,   -53,   -35
28689,    -8,   -39,   -32
28699,    -5,   -20,   -24
28709,     5,    -8,   -29
28719,    -1,   -20,   -28
28729,    -9,   -39,   -29
28739,     2,   -22,   -43
28749,    23,    12,   -45
28759,    45,    42,   -35
28769,    69,    54,   -23
28779,    83,    51,   -20
28789,    51,    25,   -23
28799,    61,     9,   -38
28809,    62,     3,   -41
28819,    38,   -10,   -35
28829,    29,     5,   -29
28839,    18,   -16,   -22
28850,    16,   -17,   -16
28859,     3,   -14,   -12
28869,     4,   -32,   -24
28879,    19,   -31,   -31
28889,    55,   -22,   -34
28899,    35,   -28,   -32
28909,     3,   -17,   -23
28919,     1,    -5,   -28
28929,   -40,    -2,   -29
28940,   -33,    14,   -28
28949,   -15,    21,   -37
28959,   -13,    29,   -38
28969,   -25,    14,   -22
28979,   -10,    42,   -25
28989,   -47,    45,   -11
28999,   -58,    51,   -17
29010,   -80,    44,   -24
29019,  -106,    42,   -27
29030,  -121,    -4,   -41
29039,  -126,   -37,   -49
29049,  -128,  -103,   -55
29059,  -124,  -149,   -55
29069,  -138,  -206,   -39
29080,  -111,  -188,   -43
29089,  -103,  -166,   -44
29099,   -79,  -119,   -46
29109,   -98,   -95,   -42
29120,   -63,   -39,   -63
29130,   -88,   -33,   -50
29140,   -77,   -10,   -56
29149,   -76,    12,   -42
29160,   -97,     8,   -39
29169,   -96,    44,   -42
29179,   -50,    88,   -51
29189,   -38,    95,   -52
29199,   -25,    77,   -49
29209,     5,   104,   -64
29220,    42,   134,   -50
29229,    51,   130,   -42
29240,    27,    69,   -48
29250,    20,    56,   -39
29260,   -16,   106,   -48
29270,   -57,   163,   -44
29279,   -98,   171,   -36
29289,  -134,   173,   -25
29300,  -102,   154,   -37
29310,   -70,   159,   -26
29323,   -59,   174,   -25
29333,   -62,   171,   -35
29343,   -54,    99,   -46
29353,   -13,     1,   -52
29363,   -52,   -54,   -42
29373,   -51,   -90,   -43
29383,   -16,  -147,   -53
29393,   -21,  -143,   -45
29402,   -41,  -193,   -49
29413,   -13,  -150,   -43
29422,   -78,  -106,   -34
29432,   -70,  -150,   -27
29442,   -27,  -213,   -24
29452,    -8,  -275,   -21
29462,   -22,  -201,   -16
29472,   -23,   -60,   -21
29482,   -47,    29,   -19
29492,   -64,    58,   -22
29502,   -55,   -48,   -41
29512,   -21,   -90,   -77
29522,   -51,    15,   -93
29532,  -101,    71,  -103
29542,   -78,    64,   -96
29552,   -67,    80,   -98
29562,   -62,   102,   -55
29572,   -84,    16,   -49
29582,   -51,   -63,   -51
29592,     4,  -138,   -40
29602,    85,  -203,   -34
29612,   122,  -192,   -44
29623,    79,   -10,   -30
29633,    47,   113,   -30
29643,    23,   115,   -46
29653,    35,    90,   -61
29663,    46,   106,   -75
29673,    31,    91,   -81
29683,    19,   -60,   -88
29693,    30,  -137,   -62
29703,     3,  -170,   -32
29713,     0,  -179,   -27
29723,    25,   -27,   -46
29733,    59,   153,   -30
29743,    66,   148,   -20
29756,    76,   107,   -29
29764,    81,   169,   -23
29773,    37,   115,    -9
29783,    12,    65,    -8
29793,   -20,    -9,   -15
29803,   -61,  -145,   -14
29813,   -78,  -230,   -22
29824,   -52,  -229,   -44
29834,   -49,  -143,   -40
29845,   -47,   -94,   -27
29854,   -31,   -17,   -21
29864,   -54,   -20,   -31
29874,   -68,   -44,   -36
29884,   -92,  -101,   -16
29894,  -108,  -126,   -17
29904,  -124,  -218,    -6
29915,   -94,  -208,   -18
29923,   -92,  -185,    -6
29933,   -82,  -222,   -27
29943,   -71,  -193,   -36
29953,   -50,  -150,   -46
29963,   -23,   -81,   -41
29973,   -29,   -53,   -31
29983,   -14,   -31,   -28
29993,   -43,   -74,   -35
30004,   -44,   -57,   -53
30013,   -21,    26,   -50
30022,   -32,    27,   -40
30033,   -39,    10,   -43
30042,   -16,    59,   -50
30052,    11,   105,   -41
30063,   -10,    80,   -27
30072,   -23,    17,   -26
30082,   -44,   -19,   -28
30093,   -48,   -45,   -35
30103,   -49,   -67,   -40
30113,   -32,   -39,   -55
30123,    11,    33,   -52
30133,    33,    41,   -42
30144,    78,    80,   -50
30154,    90,   118,   -45
30164,    48,    87,   -48
30173,     7,    51,   -44
30183,    -2,    57,   -47
30193,   -19,    33,   -37
30203,   -40,    -8,   -29
30214,   -56,   -82,   -20
30225,   -51,  -121,   -29
30235,   -44,  -166,   -39
30245,   -14,  -155,   -50
30255,    15,   -83,   -50
30265,    63,   -35,   -35
30275,    30,   -54,   -28
30285,    -7,   -76,   -31
30294,   -55,  -130,   -24
30304,   -57,  -123,   -56
30314,   -99,  -129,   -51
30324,  -168,  -148,   -52
30334,  -142,   -92,   -58
30344,  -132,   -49,   -54
30354,   -92,     5,   -36
30364,  -123,   -28,   -33
30375,  -139,   -79,   -25
30385,  -149,  -140,   -32
30395,  -135,  -154,   -39
30405,  -118,  -146,   -36
30415,  -104,   -92,   -36
30424,   -97,   -77,   -37
30433,   -86,   -69,   -28
30443,   -65,   -23,   -44
30452,   -66,    22,   -50
30463,   -56,    21,   -58
30473,   -70,   -50,   -52
30483,   -44,  -104,   -62
30493,   -38,   -79,   -57
30503,   -39,  -114,   -45
30513,   -37,   -88,   -39
30523,   -36,    21,   -36
30533,   -48,   159,   -33
30543,   -55,   189,   -41
30553,   -51,   196,   -43
30563,   -78,   257,   -53
30573,  -103,   201,   -41
30583,   -91,    42,   -31
30593,   -57,   -61,   -34
30603,   -25,  -103,   -36
30613,    -5,  -148,   -39
30623,   -14,   -99,   -48
30634,   -22,   -17,   -58
30644,   -28,    63,   -62
30654,   -48,   146,   -45
30664,   -85,   155,   -28
30674,   -95,    48,   -15
30684,   -35,   -92,    -3
30694,   -38,   -66,   -10
30704,    -1,  -139,   -16
30714,    25,  -181,   -24
30723,    38,  -209,   -25
30733,    51,  -230,   -17
30743,    43,  -216,   -13
30753,    19,  -172,   -15
30763,    14,  -130,   -20
30773,     0,  -137,   -34
30783,    -6,  -136,   -47
30793,     6,  -162,   -49
30803,    21,  -176,   -38
30813,    11,  -134,   -35
30823,     4,  -106,   -30
30834,    -3,   -90,   -31
30844,    -7,   -70,   -30
30854,   -18,   -63,   -29
30863,   -23,   -58,   -30
30874,   -23,   -54,   -24
30884,   -22,   -56,   -25
30894,   -20,   -51,   -30
30904,   -26,   -54,   -20
30914,   -20,   -47,   -25
30924,   -21,   -47,   -29
30933,   -26,   -52,   -24
30943,   -27,   -50,   -28
30953,   -29,   -46,   -25
30964,   -26,   -42,   -23
30973,   -28,   -39,   -23
30983,   -29,   -37,   -17
30993,   -30,   -38,   -18
31003,   -27,   -34,   -23
31014,   -24,   -28,   -29
31023,   -20,   -25,   -25
31035,   -21,   -19,   -26
31045,   -28,   -29,   -25
31055,   -29,   -35,   -28
31065,   -31,   -35,   -29
31075,   -29,   -35,   -34
31085,   -30,   -39,   -41
31095,   -28,   -38,   -36
31105,   -34,   -34,   -33
31115,   -35,   -33,   -35
31125,   -34,   -35,   -30
31134,   -31,   -34,   -22
31143,   -27,   -39,   -19
31153,   -26,   -43,   -31
31164,   -26,   -42,   -41
31173,   -30,   -44,   -43
31184,   -29,   -39,   -41
31193,   -28,   -37,   -42
31203,   -28,   -34,   -52
31214,   -28,   -31,   -57
31224,   -24,   -31,   -62
31235,   -27,   -30,   -66
31245,   -26,   -29,   -59
31255,   -15,   -30,   -50
31265,   -13,   -28,   -43
31275,   -14,   -23,   -37
31285,   -16,   -26,   -29
31295,   -17,   -26,   -24
31305,   -17,   -26,   -30
31315,   -21,   -27,   -36
31325,   -22,   -29,   -44
31334,   -19,   -33,   -48
31343,   -19,   -36,   -38
31354,   -13,   -31,   -37
31364,   -11,   -28,   -33
31374,   -13,   -25,   -32
31384,   -15,   -22,   -37
31393,   -14,   -28,   -39
31404,   -15,   -30,   -38
31413,   -21,   -25,   -39
31423,   -23,   -22,   -29
31434,   -25,   -18,   -20
31444,   -29,   -18,   -22
31455,   -26,   -16,   -15
31465,   -25,   -21,   -25
31475,   -30,   -30,   -42
31484,   -31,   -27,   -38
31494,   -41,   -36,   -31
31504,   -38,   -33,   -28
31514,   -28,   -18,   -32
31525,   -16,   -17,   -41
31537,    -8,   -19,   -49
31547,    -5,   -28,   -54
31557,    -7,   -32,   -61
31568,   -12,   -30,   -60
31578,   -13,   -26,   -53
31588,   -14,   -21,   -50
31598,   -18,   -25,   -45
31609,   -17,   -27,   -47
31619,   -12,   -29,   -48
31629,    -9,   -28,   -44
31638,    -9,   -26,   -49
31647,    -8,   -18,   -36
31656,   -14,   -25,   -23
31666,   -14,   -27,    -9
31676,   -17,   -31,   -10
31686,   -14,   -23,   -13
31696,   -16,   -22,   -22
31706,   -18,   -24,   -29
31716,   -23,   -24,   -32
31726,   -28,   -22,   -34
31735,   -33,   -24,   -32
31745,   -29,   -18,   -30
31755,   -23,   -20,   -38
31765,   -20,   -16,   -47
31775,   -18,   -17,   -51
31785,   -24,   -14,   -50
31795,   -20,   -16,   -36
31805,   -16,   -16,   -33
31815,   -19,   -17,   -30
31825,   -18,   -13,   -32
31836,   -17,   -15,   -44
31846,   -16,   -16,   -43
31856,   -15,   -15,   -52
31866,   -14,   -19,   -55
31876,   -13,   -20,   -55
31886,   -15,   -21,   -53
31896,   -16,   -17,   -57
31906,   -18,   -15,   -53
31916,   -26,   -14,   -38
31926,   -24,   -15,   -34
31936,   -24,   -16,   -35
31946,   -18,   -15,   -45
31956,   -18,   -18,   -48
31966,   -14,   -19,   -48
31976,   -12,   -14,   -48
31986,    -7,   -14,   -51
31996,    -4,   -14,   -53
32006,    -4,   -17,   -53
32016,   -10,   -22,   -63
32026,    -9,   -17,   -65
32037,    -8,   -12,   -62
32047,    -5,   -14,   -57
32057,   -14,   -11,   -51
32067,   -13,   -16,   -46
32078,   -10,   -19,   -43
32088,   -10,   -19,   -41
32098,    -9,   -18,   -44
32108,   -14,   -19,   -36
32119,   -12,   -18,   -33
32129,   -12,   -19,   -30
32138,    -9,   -20,   -29
32147,    -9,   -16,   -32
32156,   -14,   -14,   -35
32166,   -10,   -17,   -46
32177,   -10,   -15,   -55
32186,   -14,   -17,   -58
32196,   -15,   -17,   -58
32206,   -13,   -16,   -59
32216,   -14,   -12,   -49
32226,    -9,   -14,   -45
32234,    -6,   -14,   -37
32242,    -5,   -15,   -43
32252,    -2,   -16,   -44
32262,     0,   -15,   -48
32272,    -6,   -16,   -37
32282,    -6,   -12,   -34
32292,    -9,   -14,   -24
32302,    -6,   -14,   -28
32312,    -6,   -15,   -37
32322,    -5,   -14,   -39
32332,   -11,   -12,   -43
32342,    -9,    -9,   -51
32352,   -10,    -7,   -48
32362,    -9,   -12,   -45
32372,    -7,   -13,   -37
32382,    -6,   -13,   -32
32392,    -3,   -16,   -22
32402,    -3,    -9,   -28
32412,    -5,    -8,   -22
32422,    -7,   -12,   -18
32432,    -8,   -12,   -19
32442,   -10,   -13,   -17
32452,   -12,   -12,   -24
32462,   -14,   -11,   -26
32472,   -16,   -12,   -39
32482,   -12,   -11,   -49
32492,   -10,   -10,   -48
32502,    -4,    -9,   -50
32512,    -3,    -9,   -49
32522,     0,   -12,   -48
32532,     1,   -12,   -46
32542,    -3,   -15,   -39
32552,    -1,   -11,   -39
32563,    -1,   -14,   -40
32572,    -2,   -12,   -44
32582,    -2,    -9,   -35
32592,    -1,   -11,   -32
32602,    -1,    -4,   -37
32612,    -1,    -7,   -45
32622,    -3,    -9,   -47
32632,    -9,   -15,   -55
32642,   -11,   -15,   -54
32652,    -9,   -10,   -64
32662,    -9,   -11,   -61
32672,    -9,   -10,   -53
32682,    -8,   -11,   -51
32692,    -8,    -8,   -44
32702,    -6,    -9,   -39
32713,    -6,   -13,   -37
32722,    -5,   -16,   -37