time,accx,accy,accz
5,    30,   133,    -3
10,    21,    92,   -10
15,    13,    64,   -14
20,    17,    39,   -31
24,     8,    26,   -33
29,     4,    23,   -34
34,     7,    13,   -39
39,    -1,    14,   -33
44,    -1,     7,   -31
49,    -7,    12,   -18
54,    -7,    14,   -15
59,    -3,     6,   -28
63,     2,    13,   -43
68,    -1,    29,   -32
73,  -101,   351,   -78
78,  -133,   398,   -65
82,   -56,   208,   -56
87,    21,   -17,   -23
92,    18,     0,  -176
97,    67,  -167,   -33
102,    77,  -202,   -19
106,    46,  -142,    -5
111,    12,   -74,    13
116,     4,   -63,   -10
120,    -4,   -75,   -34
125,     4,   -77,   -62
130,    -6,   -36,   -36
135,     2,   -32,   -70
140,    13,   -12,   -75
144,    10,    -9,   -63
149,    14,   -11,   -62
154,    12,    -9,   -64
161,    10,    -6,   -60
172,    11,    -9,   -51
181,     8,   -14,   -43
192,     7,   -13,   -49
201,    11,   -14,   -52
212,     8,   -10,   -48
222,     7,    -2,   -49
232,     3,    -4,   -44
242,     5,    -7,   -54
252,     0,    -9,   -51
262,    -3,    -8,   -47
271,    -7,    -7,   -37
282,     1,    -8,   -45
292,     4,    -8,   -50
302,     9,    -6,   -48
312,     6,    -4,   -52
322,     4,    -3,   -55
332,     0,    -1,   -48
342,     0,     0,   -44
352,     4,     4,   -43
361,     9,     0,   -44
372,    14,    -5,   -39
381,    12,    -4,   -39
392,     7,    -6,   -30
401,     2,    -3,   -21
412,     5,    -4,   -20
422,    10,    -7,   -30
432,     9,    -7,   -39
442,     9,    -2,   -37
452,    15,    -3,   -47
462,    13,    -1,   -39
472,     8,    -3,   -38
482,     1,    -6,   -34
492,    -2,    -9,   -30
502,     1,   -12,   -32
512,     2,   -10,   -41
522,     0,    -5,   -42
532,    -1,    -4,   -48
542,    -1,    -5,   -46
552,     0,    -6,   -43
562,     3,    -5,   -42
572,     3,    -4,   -43
582,     2,     0,   -37
592,     1,     2,   -40
602,     4,     7,   -41
612,     4,     0,   -42
622,     0,    -5,   -36
632,     2,    -5,   -39
642,     8,    -2,   -41
652,     6,     0,   -43
667,     9,     0,   -42
678,     8,     2,   -38
688,     9,     2,   -35
698,    11,     0,   -37
708,     7,    -1,   -35
719,     2,    -4,   -29
729,     2,    -4,   -31
739,     0,     0,   -31
749,    -1,     0,   -25
760,    -4,     0,   -34
769,    -3,    -4,   -39
778,     2,    -4,   -40
786,     4,    -3,   -46
796,     4,     0,   -49
806,     6,    -1,   -45
816,     9,    -6,   -39
826,     4,    -5,   -42
836,     9,     0,   -44
846,     6,     0,   -43
856,     0,     0,   -40
866,     0,    -2,   -38
876,     3,    -5,   -38
886,     2,    -3,   -37
896,     6,    -2,   -44
907,    10,    -1,   -45
916,    12,    -7,   -47
926,    11,    -4,   -49
936,     9,    -4,   -42
946,     7,    -2,   -40
956,     6,     1,   -40
966,     7,    -1,   -39
976,     2,     4,   -40
986,     6,     6,   -37
996,     3,     5,   -36
1006,     4,     6,   -39
1016,     5,     5,   -39
1026,     5,     1,   -44
1037,     5,    -1,   -36
1046,     6,    -3,   -38
1056,     7,    -5,   -40
1067,     7,    -5,   -41
1077,     7,    -5,   -37
1088,     4,     0,   -34
1098,     9,     6,   -39
1108,     8,     2,   -40
1118,     6,     0,   -36
1129,     1,     0,   -35
1139,     6,     0,   -38
1149,     3,     0,   -45
1159,     1,    -4,   -42
1168,     1,     0,   -43
1177,     5,    -2,   -42
1186,     4,    -7,   -47
1196,     7,    -5,   -53
1206,     8,   -13,   -44
1216,     5,   -11,   -37
1226,     3,    -9,   -39
1236,     7,    -4,   -39
1246,    11,    -4,   -38
1256,    10,    -5,   -30
1267,    13,    -8,   -40
1277,    12,   -14,   -40
1287,    10,    -3,   -27
1298,    15,     0,   -20
1308,    33,    21,   -33
1318,    32,    50,   -25
1328,    -2,    33,   -40
1339,   -19,    35,   -59
1349,   -19,     0,   -59
1359,    -9,    -7,   -49
1368,    -1,   -18,   -63
1377,     5,   -11,   -59
1387,     7,   -16,   -44
1397,     2,    -2,   -48
1407,    -1,     3,   -20
1417,    -1,   -19,    -1
1427,     2,   -18,   -17
1437,     7,   -12,   -39
1447,    17,   -20,   -61
1457,    18,   -12,   -45
1467,    13,     1,   -38
1478,    16,     5,   -43
1488,    20,    -4,   -38
1499,    15,    -3,   -32
1509,    25,   -18,    -4
1519,    29,   -23,   -30
1529,    43,   -14,    -6
1539,    51,     2,    -1
1549,     9,    -8,   -11
1560,    -2,   -11,    -6
1569,    -1,   -16,    -9
1578,   -11,   -20,   -22
1587,    -9,   -13,   -33
1597,    -3,   -13,   -28
1607,    12,   -10,   -30
1617,     3,    -7,   -20
1627,    -2,   -10,   -25
1637,     3,    -6,   -43
1647,     8,    -1,   -38
1657,     5,     0,   -46
1667,   -19,    11,   -34
1678,   -29,    12,   -40
1688,   -25,     8,   -30
1699,    -9,    -3,   -26
1709,    18,    -7,   -27
1719,    20,   -10,   -39
1729,     0,    -9,   -39
1739,   -15,    -5,   -35
1752,   -18,     0,   -37
1763,   -13,     0,   -39
1773,   -11,     4,   -42
1783,   -10,     5,   -46
1792,    -8,     9,   -42
1802,    -7,     6,   -42
1815,   -11,     1,   -31
1824,   -10,    -3,   -30
1833,    -5,    -4,   -22
1842,     4,    -5,   -32
1851,     6,    -8,   -39
1860,     8,    -9,   -39
1869,    10,   -11,   -36
1878,    13,   -10,   -36
1886,     9,    -4,   -44
1897,     4,     3,   -50
1907,     3,     8,   -51
1918,     8,     8,   -49
1926,    12,     5,   -44
1937,     7,     9,   -43
1948,     4,    14,   -42
1957,     3,    15,   -38
1967,     5,    18,   -39
1977,     1,    12,   -38
1987,     7,     6,   -44
1997,     8,    10,   -44
2008,     2,    36,   -26
2018,    11,     5,   -37
2027,    10,    -5,   -44
2037,     4,   -10,   -37
2047,     3,   -15,   -35
2057,     2,   -19,   -28
2067,    -2,   -14,   -26
2078,    -9,    -9,   -19
2089,    -8,   -10,   -25
2099,    -1,    -9,   -26
2109,     2,   -11,   -33
2119,     7,   -10,   -43
2129,    11,    -5,   -53
2140,    11,     0,   -44
2150,     7,    -6,   -42
2160,     2,     1,   -40
2170,     2,     2,   -38
2180,     4,     2,   -43
2191,    -1,     7,   -39
2201,     7,     2,   -36
2211,     4,     2,   -30
2221,     3,     7,   -27
2232,     4,    10,   -35
2242,     1,    15,   -36
2252,     1,    17,   -36
2262,     7,    10,   -43
2273,     9,     4,   -42
2283,     6,     6,   -39
2293,     2,     6,   -41
2303,     1,     4,   -36
2313,     4,    -1,   -21
2324,     1,    -4,   -13
2334,    -5,    -5,   -14
2344,    -2,    -5,   -24
2354,    -4,    -2,   -30
2364,    -2,     0,   -32
2375,    -1,    -1,   -35
2385,     0,    -9,   -41
2395,     7,    -3,   -44
2405,     8,     0,   -56
2416,     6,    -3,   -54
2426,     2,    -6,   -53
2436,     6,    -9,   -53
2446,     3,    -5,   -42
2457,    -1,    -4,   -34
2467,    -3,     0,   -37
2477,    -3,     0,   -44
2487,     0,    -1,   -46
2497,     8,    -3,   -48
2508,     7,    -6,   -48
2518,     2,    -4,   -46
2528,     2,    -4,   -37
2538,     2,    -2,   -31
2549,     0,     0,   -33
2559,    -2,     0,   -33
2569,    -5,     3,   -36
2579,     0,     2,   -46
2589,     1,     6,   -50
2600,     7,     5,   -57
2610,    11,     5,   -52
2620,    11,     3,   -49
2631,     7,     1,   -41
2641,     0,    -5,   -33
2651,    -6,     0,   -19
2661,    -8,     0,   -18
2672,    -7,    -5,   -29
2682,     0,    -3,   -39
2692,     2,     0,   -33
2703,     6,     0,   -39
2713,     5,     0,   -44
2723,     0,    -3,   -53
2733,     0,     0,   -50
2744,    -1,     0,   -57
2754,     3,     0,   -53
2764,     5,     0,   -50
2775,     0,     2,   -44
2785,     0,    -3,   -40
2794,     1,    -5,   -44
2803,     3,    -1,   -47
2812,     1,    -3,   -48
2821,     1,    -1,   -48
2830,     0,     0,   -49
2839,     4,     2,   -40
2847,     0,     6,   -29
2856,     3,     9,   -33
2865,     4,     1,   -36
2874,    10,    -1,   -39
2883,     8,    -6,   -45
2893,     6,    -9,   -52
2904,     5,    -8,   -49
2914,     4,    -8,   -46
2925,     0,    -7,   -48
2935,    -1,   -10,   -49
2945,     1,    -9,   -45
2955,     3,    -4,   -44
2966,     6,     0,   -33
2976,     6,    -5,   -31
2986,     5,   -11,   -29
2995,     7,   -16,   -19
3005,    11,    -6,   -22
3013,    10,    -1,   -32
3022,    15,     6,   -41
3031,    28,    58,   -68
3040,    17,    20,   -56
3050,    23,    -7,   -59
3059,    19,     5,   -42
3068,    24,    22,   -33
3078,    16,    24,   -34
3088,    18,    22,   -28
3098,    27,    12,   -11
3108,    45,    52,   -13
3118,   122,    32,    14
3128,   261,   -42,    20
3138,   397,    63,  -186
3148,   778,   357,  -137
3158,   663,   234,   233
3168,   491,   -28,   804
3178,   616,    84,  1035
3188,   839,   285,  1128
3198,   979,   292,  1254
3208,  1073,   191,  1391
3218,  1154,   150,  1379
3228,  1235,   173,  1265
3238,  1315,   169,  1118
3248,  1387,    55,  1008
3258,  1429,   -98,   811
3268,  1486,  -175,   470
3278,  1516,  -266,   253
3289,  1538,  -422,   127
3298,  1544,  -515,   -50
3308,  1558,  -580,  -290
3318,  1551,  -590,  -562
3328,  1576,  -506,  -744
3339,  1592,  -454,  -677
3349,  1583,  -425,  -407
3359,  1546,  -410,   -96
3369,  1438,  -345,    59
3379,  1314,  -152,     6
3389,  1222,     2,  -130
3398,  1142,   -78,  -148
3408,  1112,  -255,   -67
3418,  1047,  -289,    -1
3428,   949,  -230,    18
3438,   823,  -112,   -28
3448,   765,   -21,  -137
3458,   710,     0,  -226
3468,   654,   -22,  -269
3478,   630,   -65,  -300
3488,   599,  -152,  -330
3498,   574,  -269,  -334
3508,   570,  -341,  -336
3518,   503,  -315,  -363
3528,   382,  -214,  -408
3538,   311,  -116,  -562
3548,   275,  -107,  -716
3558,   274,  -149,  -773
3568,   294,  -231,  -747
3578,   265,  -254,  -644
3588,   247,  -231,  -577
3598,   197,  -191,  -487
3608,   125,  -117,  -466
3618,    96,   -40,  -603
3628,    35,    -3,  -754
3638,   -10,    27,  -842
3648,   -65,    74,  -842
3658,  -128,   161,  -809
3668,  -150,   254,  -753
3678,  -138,   280,  -654
3688,  -128,   272,  -478
3698,  -140,   262,  -291
3709,  -188,   334,  -172
3719,  -274,   515,  -158
3729,  -345,   720,  -157
3739,  -379,   791,   -91
3749,  -411,   800,    62
3759,  -515,   929,   111
3769,  -564,   991,    -9
3779,  -504,   773,  -142
3789,  -381,   389,  -154
3799,  -291,   114,  -102
3809,  -337,   182,  -129
3819,  -388,   391,  -260
3829,  -334,   313,  -374
3839,  -250,    44,  -318
3849,  -178,  -210,  -195
3859,  -164,  -326,   -84
3869,  -185,  -347,   -11
3878,  -195,  -331,   -14
3889,  -160,  -381,    33
3898,  -109,  -484,   111
3908,  -146,  -482,   203
3918,  -165,  -374,    83
3928,  -144,  -321,    42
3938,  -155,  -358,   218
3948,  -194,  -379,   405
3958,  -260,  -211,   400
3968,  -318,    30,   316
3978,  -330,   137,   247
3988,  -338,   195,   187
3998,  -349,   352,    54
4008,  -303,   490,   -98
4018,  -229,   533,   -48
4028,  -163,   564,   113
4038,  -195,   715,   382
4048,  -171,   838,   434
4058,   -91,   805,   477
4068,   -66,   742,   538
4078,    28,   580,   463
4088,    85,   404,   404
4098,    75,   380,   222
4108,   112,   263,   -32
4118,   151,   -94,  -142
4128,   141,  -468,  -201
4138,   111,  -730,  -350
4148,    92,  -901,  -405
4158,    12,  -864,  -293
4168,  -150,  -591,  -227
4178,  -186,  -424,  -222
4188,  -180,  -423,   -42
4199,  -265,  -317,   185
4210,  -302,  -200,   188
4220,  -288,  -270,   107
4230,  -324,  -408,    99
4240,  -391,  -480,    97
4250,  -420,  -493,    60
4261,  -457,  -362,   159
4271,  -467,  -207,   396
4281,  -527,   -93,   682
4291,  -669,   114,   696
4301,  -751,   313,   329
4310,  -744,   275,   -19
4319,  -781,   165,  -100
4329,  -809,    75,  -125
4338,  -855,    88,  -217
4348,  -909,   118,  -403
4359,  -876,    -3,  -540
4369,  -795,  -248,  -592
4379,  -731,  -450,  -550
4389,  -702,  -573,  -455
4399,  -642,  -609,  -407
4409,  -572,  -676,  -329
4419,  -553,  -677,  -175
4429,  -547,  -543,   -95
4439,  -580,  -346,  -147
4449,  -592,  -318,  -339
4459,  -575,  -424,  -492
4469,  -599,  -486,  -513
4479,  -575,  -524,  -514
4489,  -589,  -511,  -414
4499,  -732,  -325,  -181
4509,  -836,   -47,   -19
4519,  -946,   212,   211
4529, -1096,   466,   523
4539, -1193,   577,   734
4549, -1280,   580,   646
4559, -1298,   527,   308
4571, -1185,   258,   -24
4580, -1114,   -40,  -101
4590, -1066,  -232,   -49
4599, -1074,  -380,   122
4612, -1104,  -392,   307
4621, -1070,  -401,   425
4630, -1069,  -460,   516
4639, -1112,  -492,   507
4649, -1169,  -498,   354
4659, -1229,  -376,   205
4669, -1314,  -260,   154
4679, -1362,  -215,   159
4689, -1498,  -128,   202
4699, -1676,   -54,    31
4710, -1781,   -50,  -284
4721, -1849,   -63,  -382
4731, -1918,    -4,  -191
4741, -1848,    68,   -28
4752, -1705,   -30,     8
4762, -1531,  -120,  -104
4772, -1330,  -219,  -365
4782, -1129,  -352,  -639
4793,  -941,  -401,  -818
4803,  -929,   -94,  -770
4812,  -908,   408,  -687
4820,  -793,   680,  -476
4829,  -778,   842,   -30
4839,  -816,   957,   393
4850,  -910,   970,   687
4860, -1045,  1057,   741
4870,  -931,   899,   588
4880,  -801,   437,   558
4890,  -707,    13,   425
4900,  -636,  -306,   -59
4910,  -591,  -575,  -615
4920,  -576,  -659,  -925
4930,  -475,  -701,  -914
4940,  -354,  -842,  -594
4950,  -257,  -958,  -144
4960,  -206,  -876,   251
4970,  -135,  -657,   483
4979,   -98,  -426,   543
4989,   -81,  -169,   426
4999,    33,    59,   108
5009,   229,   177,  -165
5020,   415,   205,  -152
5030,   508,   302,    -6
5039,   540,   540,    19
5050,   550,   791,    11
5060,   493,  1009,   157
5070,   403,  1099,   354
5080,   308,  1087,   389
5090,   260,   958,   318
5100,   151,   852,   208
5110,   142,   680,   -19
5120,   171,   345,  -221
5130,   189,   -39,  -316
5139,   222,  -575,   359
5150,   246,  -528,   224
5162,   229,  -462,   172
5172,   242,  -394,   150
5181,   235,  -354,   127
5191,   247,  -283,    76
5199,   319,  -223,    38
5211,   337,  -182,   -15
5221,   152,   -52,   -42
5231,   259,   -28,   -19
5241,   556,  -226,    67
5252,   310,  -115,   120
5262,   225,    25,     4
5272,   384,  -153,   -26
5282,   212,  -277,  -151
5293,   398,  -426,  -319
5303,   201,  -346,  -217
5313,    11,  -178,  -198
5324,    -4,    53,   -90
5334,   -92,   182,   -10
5344,   -61,   231,    21
5354,   -38,   272,   -13
5365,    51,   334,   -16
5375,    88,   336,   -34
5385,   117,   214,   -92
5395,   144,    74,  -124
5406,   191,   -50,   -88
5415,    40,  -138,   -77
5424,    93,  -109,   -31
5433,    98,  -100,     5
5442,   123,  -134,   -14
5451,   197,   -33,    47
5460,    56,   -80,   -18
5469,    78,   -69,   -66
5479,    70,  -100,  -100
5489,    72,   -73,   -94
5499,   100,   -34,   -48
5509,   120,     0,    21
5520,   119,    -2,    60
5530,   120,   -21,    61
5540,   132,   -31,   -10
5550,   143,   -21,   -63
5560,   154,   -13,   -86
5570,   158,    -6,   -84
5580,   159,    -1,   -78
5590,   161,     0,   -70
5600,   163,     2,   -59
5610,   160,     2,   -45
5620,   154,    -9,   -35
5630,   145,   -15,   -18
5640,   141,   -13,    -2
5650,   134,    -2,    15
5660,   130,    15,    38
5670,   122,    24,    32
5680,   125,    20,    17
5690,   124,     9,   -17
5700,   131,    -1,   -50
5710,   140,    -1,   -67
5720,   145,     9,   -61
5730,   148,    21,   -55
5740,   148,    16,   -49
5750,   148,     3,   -46
5760,   144,     0,   -49
5770,   142,     1,   -38
5780,   138,     4,   -31
5791,   136,    12,   -14
5801,   121,     5,     4
5810,   117,    -9,     7
5820,   115,    -6,    12
5830,   121,    -1,    11
5840,   125,     5,     0
5850,   115,     6,   -10
5860,   121,     1,   -37
5870,   133,     2,   -47
5880,   141,     2,   -47
5890,   146,    11,   -70
5900,   139,    19,   -81
5910,   135,    15,   -88
5921,   131,     7,   -95
5931,   131,     0,   -80
5941,   135,     1,   -54
5952,   130,     5,   -12
5962,   117,    10,    17
5972,   111,    11,    26
5983,   107,    10,    26
5993,   109,     8,     3
6003,   109,    10,   -34
6014,   111,     4,   -56
6023,   104,    -5,   -57
6032,   104,     0,   -56
6041,   107,    15,   -24
6050,   109,    20,   -25
6060,   111,     8,   -36
6070,   111,    -3,   -57
6080,   116,    -7,   -85
6090,   118,     0,   -79
6100,   125,     8,   -60
6110,   125,    24,   -33
6120,   113,    19,   -11
6132,   108,     0,    -7
6142,    96,   -11,   -14
6153,    95,   -10,   -23
6163,   142,    85,    -3
6173,    85,    11,    -4
6183,    80,    13,     2
6194,    84,     7,    -6
6204,    88,    -6,   -22
6215,    89,   -22,   -40
6224,    91,   -21,   -49
6233,    90,   -16,   -53
6243,    86,     2,   -47
6251,    93,     6,   -55
6260,   101,    -3,   -73
6271,   111,    -1,  -102
6281,   112,    11,  -107
6291,   103,    17,   -91
6301,   105,    19,   -53
6311,   108,    28,    -6
6321,    93,    14,    29
6331,    74,    -8,    65
6341,    62,   -24,    78
6351,    66,   -35,    49
6361,    57,   -37,     7
6370,    50,   -25,   -33
6380,    56,    -6,   -55
6391,    59,     2,   -63
6400,    71,    14,   -67
6410,   106,    16,   -84
6420,   124,    20,  -151
6430,   128,    13,  -236
6440,   123,   -14,  -281
6450,   127,   -22,  -235
6460,   108,   -20,  -102
6471,    86,     1,    55
6481,    75,    33,   183
6491,    50,    32,   222
6501,    51,     9,   201
6511,    59,   -12,    92
6521,    75,   -19,   -24
6531,    88,   -21,  -165
6541,   101,   -24,  -262
6551,   101,   -21,  -291
6561,   101,    -3,  -236
6571,    93,    21,  -102
6581,    92,    44,    37
6591,    93,    40,   119
6600,    64,     3,   132
6610,    52,   -30,    62
6620,    56,   -45,   -15
6630,    62,   -32,   -76
6641,    70,   -20,  -112
6651,    68,     8,   -93
6661,    70,     4,   -95
6671,    73,    15,   -91
6681,    64,    11,   -80
6691,    75,   -10,   -37
6701,    76,    -2,   -12
6711,    87,    25,    13
6721,    84,    35,     0
6731,    81,    23,    -9
6741,    75,     7,   -24
6751,    80,    11,   -26
6761,    85,    29,   -19
6771,    79,    34,    14
6781,    63,    13,    38
6790,   143,    76,    19
6800,    40,   -25,   -21
6810,    35,    -6,   -47
6820,    42,   -12,   -89
6830,    46,   -25,  -121
6841,    48,   -17,  -132
6851,    56,     9,  -126
6860,    57,    21,   -96
6871,    53,     2,   -65
6881,    55,   -12,   -54
6891,    60,   -15,   -49
6901,    64,    -9,   -45
6911,    66,    -4,   -56
6921,    62,     2,   -68
6931,    60,     2,   -93
6941,    56,     4,   -86
6951,    53,     2,   -49
6961,    53,    10,   -27
6971,    51,    15,   -22
6981,    54,     7,   -42
6992,    60,    -6,   -74
7001,    58,   -13,   -82
7011,    57,    -5,   -85
7021,    61,    -3,   -84
7031,    61,    -1,   -63
7041,    60,   -10,   -52
7051,    57,   -12,   -37
7061,    49,    -1,    -9
7072,    50,     0,    14
7082,    50,     5,    25
7091,    50,     1,    10
7101,    50,    -7,   -34
7111,    51,    -8,   -72
7121,    53,    -9,   -89
7131,    56,    -7,   -88
7141,    54,     0,   -67
7151,    56,     8,   -47
7161,    59,     1,   -35
7172,    60,    -6,   -35
7182,    57,    -3,   -50
7192,    56,    -1,   -53
7202,    55,    -1,   -53
7212,    51,    -3,   -38
7222,    45,    -5,   -20
7232,    49,    -4,   -11
7242,    50,    -5,   -15
7251,    44,    -9,   -25
7261,    48,   -11,   -30
7271,    47,    -6,   -29
7281,    50,     6,   -26
7291,    48,    -1,   -27
7301,    47,    -7,   -29
7311,    45,    -8,   -26
7321,    45,     2,   -37
7331,    46,    11,   -48
7341,    42,     8,   -63
7351,    42,    -2,   -80
7361,    44,     0,   -78
7371,    48,    -1,   -75
7381,    50,    -5,   -81
7391,    42,    -9,   -68
7401,    54,   -16,   -72
7411,    54,    -8,   -62
7421,    60,    -2,   -51
7432,    54,   -12,   -33
7442,    67,   -23,   -33
7451,    43,   -22,   -12
7462,    50,    -9,   -23
7472,    32,    -9,    -9
7482,    45,   -11,   -13
7492,    38,   -15,   -20
7502,    38,   -12,   -35
7512,    37,   -10,   -47
7522,    37,   -13,   -45
7532,    39,    -9,   -44
7542,    39,    -5,   -49
7552,    47,    -2,   -49
7561,    48,    -4,   -54
7571,    46,    -3,   -60
7581,    44,   -15,   -55
7591,    35,    -8,   -29
7601,    35,     9,   -12
7611,    38,    16,    -9
7621,    44,    13,   -30
7631,    45,     5,   -44
7641,    31,     0,   -35
7651,    36,     0,   -19
7661,    28,     3,    11
7671,    26,     3,    44
7681,    31,     5,    40
7691,    32,     3,     1
7702,    33,    -5,   -47
