time,accx,accy,accz
5,     3,    -4,    59
10,   -47,    81,   146
15,    10,    46,    15
19,     5,    52,    19
24,     8,    30,    43
29,     4,    13,    51
34,     7,     3,    57
39,     2,     0,    79
44,     0,     5,   114
50,    -9,     9,   179
55,   -17,    18,   215
59,   -27,    29,   264
64,   -50,    12,   308
69,   -61,     2,   322
74,   -70,   -28,   332
79,   -79,   -49,   337
84,   -88,   -68,   327
88,  -116,   101,   171
95,  -173,    -7,   623
100,   -77,  -102,   419
105,  -271,   256,     0
109,   -16,   418,  -864
114,   -56,    50,  -247
119,  -212,   165,   373
124,    63,    20,  -488
129,    24,     2,  -360
134,  -124,    45,   307
139,     1,   -10,  -112
143,     9,   -19,  -110
148,   -42,    -4,   127
153,     4,   -17,   -18
162,    -3,    -8,    18
172,   -13,    -3,    76
183,     7,     1,    18
193,    -2,     6,    48
202,    -2,    -3,    61
213,     3,   -11,    41
222,     8,   -11,    57
233,     6,   -15,    59
242,     0,   -14,    53
253,    -5,   -13,    58
262,    -4,   -11,    52
273,     0,   -10,    47
282,     3,   -11,    43
292,     1,   -10,    37
303,    -4,   -12,    37
312,    -5,   -11,    35
323,    -5,   -12,    37
332,   -10,   -13,    38
343,   -12,   -14,    42
353,   -10,   -12,    51
363,    -8,   -13,    58
373,    -7,    -8,    64
383,    -6,   -10,    62
392,    -7,   -15,    57
403,    -3,   -14,    49
412,     0,   -14,    50
423,     0,   -15,    46
432,     0,   -19,    55
442,     0,   -20,    57
453,    -7,   -21,    66
462,   -10,   -22,    72
473,    -6,   -19,    63
483,    -6,   -13,    50
493,    -4,   -13,    42
503,     3,    -7,    32
512,     4,    -6,    18
523,     0,    -6,    23
533,    -1,    -4,    25
543,     1,    -7,    23
553,     4,    -4,    27
563,    -1,     5,    45
573,   -11,     0,    60
583,    -8,    -2,    66
593,   -14,     1,    70
602,    -7,     4,    63
613,   -10,     5,    59
623,    -7,    15,    36
633,     0,    15,    54
643,     0,    10,    89
656,     6,     2,    93
668,    15,    -2,    85
678,     7,    -8,   120
688,     9,   -15,   118
698,     7,   -21,   125
708,   -10,   -52,   200
718,   -75,  -198,   556
729,   -38,    47,   123
739,    60,    91,  -325
749,    66,   -84,  -138
759,   -24,   -49,   152
770,     5,    -8,    58
780,    55,   -15,  -125
790,    26,     0,   -81
800,     1,   -26,    45
810,     9,   -33,    31
821,    22,   -13,    -7
831,    12,   -16,    16
841,     4,   -23,    55
851,     2,   -14,    43
861,    12,     0,    10
871,    16,     2,     1
882,     7,     1,    32
895,    -3,     3,    37
905,     2,     3,    34
916,     2,     3,    33
926,    -1,     4,    43
936,    -2,    -4,    50
946,    -5,   -13,    58
957,    -6,   -11,    59
966,    -3,    -8,    48
975,    -1,    -5,    59
984,     0,    -8,    59
993,    -7,   -12,    54
1002,    -7,   -14,    50
1011,   -10,   -11,    50
1020,   -10,    -7,    47
1028,    -4,    -6,    48
1037,    -3,    -7,    41
1047,    -1,    -5,    46
1057,    -1,    -4,    49
1068,    -6,    -4,    42
1079,    -9,    -4,    35
1089,    -8,    -9,    43
1099,    -7,   -17,    43
1109,    -6,   -15,    44
1119,    -1,   -16,    45
1129,    -6,   -17,    50
1140,    -5,    -7,    47
1150,     0,    -6,    45
1160,    -2,    -3,    53
1170,    -1,    -7,    56
1181,    -2,    -9,    53
1191,    -1,     1,    40
1201,     0,     0,    41
1211,    -1,   -11,    63
1221,    -1,   -11,    60
1232,     0,    -6,    50
1242,     2,   -11,    60
1252,     0,    -5,    57
1262,     4,    -4,    46
1272,     3,    -7,    49
1282,    -3,    -9,    56
1293,    -6,    -7,    60
1303,     0,   -10,    52
1313,     0,   -11,    51
1323,     0,   -13,    43
1333,     2,   -12,    51
1344,    -3,    -8,    49
1354,    -1,    -5,    50
1364,    -5,    -5,    43
1374,    -8,    -5,    46
1385,    -4,   -11,    52
1395,    -8,   -13,    49
1405,    -3,   -12,    49
1415,    -5,   -12,    49
1425,    -5,    -9,    50
1435,    -6,   -10,    46
1446,    -7,    -8,    48
1456,    -5,    -3,    48
1466,    -5,     0,    57
1476,   -10,    -1,    51
1487,    -5,    -1,    51
1497,    -4,    -3,    55
1507,    -3,    -5,    57
1518,    -5,    -9,    60
1528,    -1,    -9,    59
1538,    -6,   -11,    56
1548,    -5,   -11,    54
1558,    -5,    -6,    55
1568,    -3,    -8,    49
1579,     0,    -9,    48
1589,    -1,    -6,    48
1600,     1,   -15,    42
1610,    17,    22,     0
1620,    30,    65,   -45
1630,    33,    44,    25
1641,     4,    26,    82
1651,   -10,     3,    71
1661,   -17,   -28,    86
1671,   -24,   -64,   127
1681,   -33,   -74,   178
1694,   -79,  -112,   175
1705,     0,   -19,   -34
1715,    46,    66,   -81
1725,    -5,   -13,    98
1735,   -31,   -54,    95
1746,    10,     5,   -51
1756,    15,    18,     7
1766,   -16,   -21,   134
1776,    -4,   -13,    45
1785,    17,    12,   -26
1794,     3,    -4,    69
1802,   -12,   -18,   107
1811,     3,    -5,    23
1820,    10,     0,    23
1829,    -3,   -10,    97
1838,    -2,    -9,    66
1847,     4,    -1,    16
1856,    -1,    -4,    47
1865,    -3,   -11,    75
1874,     0,    -3,    46
1884,     0,     0,    43
1895,    -7,    -5,    72
1905,    -4,     3,    63
1915,    -1,     5,    45
1925,    -4,    -1,    50
1935,    -7,    -1,    56
1946,     2,     8,    30
1956,     0,    -3,    31
1966,    -2,   -10,    67
1976,     0,    -4,    51
1987,    -1,   -11,    58
1997,    -1,    -3,    58
2007,     0,     2,    44
2018,     3,    -8,    34
2028,     5,     4,    17
2038,     2,    12,    10
2048,     5,     5,    16
2058,    -5,   -11,    28
2069,    -9,   -26,    41
2078,    -8,   -33,    40
2086,   -13,   -40,    46
2095,   -10,   -43,    61
2104,   -13,   -35,    54
2113,   -13,   -24,    44
2122,    -7,   -17,    31
2131,    -6,   -19,    45
2140,    -9,   -20,    48
2149,    -7,    -5,    25
2158,    -5,    -5,    22
2168,     3,    -5,    41
2179,     9,   -10,    54
2189,    -7,   -14,    76
2199,   -14,   -16,    33
2210,   -10,   -15,    15
2220,    -7,   -18,    57
2230,     1,   -13,    87
2240,    -8,   -10,   118
2250,   -13,   -18,   118
2261,   -13,   -21,   112
2271,   -17,   -21,   122
2281,   -22,   -27,   130
2291,   -22,   -27,   130
2301,   -20,   -15,   166
2311,   -18,    -7,   220
2322,   -21,    24,   248
2332,   -35,    29,   362
2342,   -47,    51,   537
2352,  -100,   215,   885
2362,   -55,   207,  1379
2373,   149,   -26,  1889
2383,   406,  -308,  2277
2393,   568,  -499,  2292
2403,   587,  -478,  2074
2414,   459,  -290,  1906
2424,   263,   -40,  1737
2434,   112,   146,  1521
2444,    30,   201,  1295
2454,   -17,   170,  1139
2465,   -34,    84,  1096
2474,   -40,   -10,  1083
2483,    -7,  -158,  1074
2492,    51,  -271,  1120
2501,   121,  -354,  1215
2510,   178,  -438,  1304
2519,   190,  -471,  1282
2528,   175,  -434,  1134
2538,   117,  -339,   946
2549,    50,  -163,   775
2559,    57,   -22,   687
2569,   114,    29,   668
2580,   201,   -12,   702
2590,   347,  -165,   825
2600,   490,  -294,  1014
2610,   581,  -363,  1175
2621,   595,  -367,  1171
2631,   507,  -205,  1030
2641,   439,     9,   874
2651,   447,   104,   799
2661,   506,    80,   865
2672,   618,    -7,   971
2682,   720,  -115,   976
2692,   730,  -143,   860
2702,   706,  -140,   700
2712,   688,  -142,   608
2723,   697,   -96,   601
2733,   726,     0,   643
2743,   739,    77,   661
2753,   713,    83,   630
2763,   697,    41,   537
2773,   702,   -29,   476
2784,   705,   -43,   442
2794,   720,    18,   425
2804,   736,    61,   457
2815,   779,    40,   541
2825,   804,    19,   597
2835,   778,    10,   532
2845,   703,    67,   430
2855,   644,   130,   366
2866,   648,   133,   368
2875,   655,   104,   406
2884,   615,   120,   424
2893,   546,    97,   359
2902,   494,    37,   269
2911,   421,   -10,   208
2919,   247,    -7,    -4
2928,    41,    54,  -234
2938,   -83,   109,  -341
2948,   -38,    84,  -288
2958,   153,   -57,   -67
2968,   375,  -218,   237
2980,   543,  -274,   466
2990,   674,  -275,   589
3000,   758,  -267,   622
3010,   787,  -184,   562
3020,   770,   -87,   421
3030,   729,  -121,   280
3041,   638,  -129,   124
3051,   549,   -26,   -21
3061,   500,   107,  -152
3071,   517,   285,  -175
3081,   595,   453,  -128
3092,   727,   648,   -93
3102,   859,   826,   -56
3112,   918,  1014,   -38
3122,   922,  1207,  -123
3133,   878,  1246,  -287
3143,   789,  1185,  -448
3153,   719,  1029,  -528
3163,   747,   792,  -549
3173,   806,   594,  -471
3182,   888,   412,  -301
3191,   978,   218,   -25
3200,  1018,   139,   202
3209,  1001,   120,   273
3219,   942,    65,   264
3229,   870,   -19,   134
3239,   826,  -103,   -40
3249,   792,  -249,  -224
3259,   732,  -406,  -276
3269,   674,  -489,  -253
3280,   664,  -518,  -318
3290,   642,  -524,  -340
3300,   594,  -411,  -309
3311,   596,  -257,  -226
3321,   633,  -180,   -77
3331,   701,  -183,    34
3341,   721,  -286,   126
3351,   661,  -413,   191
3361,   496,  -440,    77
3372,   227,  -358,  -177
3382,  -111,  -170,  -500
3392,  -444,     5,  -743
3402,  -653,    17,  -861
3412,  -776,   -75,  -890
3423,  -875,   -87,  -858
3433,  -876,  -146,  -809
3443,  -824,  -301,  -646
3453,  -725,  -443,  -648
3463,  -631,  -496,  -615
3473,  -543,  -412,  -381
3484,  -496,  -333,  -205
3494,  -495,  -268,  -244
3504,  -587,  -184,  -409
3514,  -708,  -112,  -680
3524,  -767,   -95,  -884
3535,  -746,  -139, -1006
3545,  -654,  -309, -1095
3555,  -532,  -445, -1060
3565,  -400,  -409,  -999
3576,  -295,  -239,  -948
3586,  -255,     2,  -879
3596,  -254,   150,  -746
3606,  -272,   203,  -646
3617,  -262,   185,  -587
3627,  -236,    99,  -576
3637,  -217,    39,  -572
3647,  -187,     9,  -606
3657,  -151,    13,  -587
3668,   -74,   -31,  -508
3677,    33,  -145,  -364
3686,    64,  -171,  -264
3695,   -20,  -113,  -344
3703,  -141,    36,  -566
3712,  -295,   344,  -801
3721,  -400,   605,  -931
3730,  -367,   656,  -889
3739,  -238,   558,  -704
3749,  -109,   404,  -494
3759,    -8,   295,  -330
3769,    43,   262,  -222
3780,    52,   258,  -193
3790,    63,   249,  -202
3800,    41,   236,  -231
3811,   -39,   283,  -258
3821,  -112,   314,  -267
3831,  -145,   335,  -300
3841,  -148,   456,  -344
3851,  -150,   549,  -349
3862,  -150,   654,  -337
3872,  -142,   698,  -351
3882,  -109,   659,  -338
3892,   -59,   619,  -287
3903,   -57,   578,  -258
3913,  -100,   594,  -296
3923,  -138,   575,  -370
3933,  -157,   388,  -389
3943,  -161,   271,  -429
3954,  -211,   248,  -471
3964,  -320,   259,  -477
3974,  -404,   228,  -499
3984,  -436,   135,  -498
3994,  -393,    22,  -389
4004,  -300,  -101,  -215
4015,  -231,  -273,   -21
4025,  -198,  -390,   104
4035,  -244,  -385,   101
4045,  -395,  -282,   -44
4056,  -596,  -117,  -338
4066,  -797,    66,  -646
4076,  -930,   233,  -876
4086,  -951,   416, -1000
4096,  -862,   543,  -960
4107,  -702,   480,  -781
4117,  -487,   307,  -530
4127,  -313,   157,  -248
4138,  -221,    51,    27
4148,  -215,   -11,   164
4158,  -290,     7,   200
4168,  -436,   130,   111
4178,  -608,   234,   -54
4188,  -710,   331,  -194
4196,  -726,   456,  -307
4206,  -675,   575,  -351
4215,  -551,   634,  -338
4223,  -415,   595,  -328
4232,  -330,   540,  -352
4241,  -290,   554,  -430
4250,  -286,   557,  -483
4259,  -299,   542,  -528
4269,  -299,   477,  -559
4279,  -287,   305,  -577
4290,  -240,   139,  -582
4301,  -164,    66,  -547
4311,   -60,    13,  -461
4321,    68,   -68,  -362
4331,   134,  -140,  -270
4342,   122,  -171,  -277
4352,    87,  -136,  -444
4362,    -2,   -55,  -669
4372,   -89,    19,  -887
4382,  -135,   106, -1087
4393,  -141,   130, -1206
4403,   -70,    31, -1221
4413,    67,  -102, -1179
4423,   199,  -217, -1083
4433,   292,  -329,  -996
4443,   328,  -403,  -966
4454,   295,  -455,  -971
4464,   226,  -479, -1018
4474,   138,  -458, -1086
4484,    63,  -428, -1185
4493,    55,  -462, -1249
4502,   134,  -533, -1228
4511,   300,  -546, -1111
4520,   511,  -517,  -930
4530,   653,  -503,  -749
4539,   639,  -463,  -682
4549,   544,  -452,  -798
4559,   413,  -489,  -970
4569,   281,  -411, -1119
4579,   201,  -227, -1239
4591,   225,   -51, -1212
4601,   343,    36,  -965
4611,   490,    85,  -653
4621,   624,   120,  -411
4631,   716,   199,  -264
4642,   700,   321,  -196
4652,   609,   426,  -229
4662,   537,   417,  -359
4672,   510,   335,  -484
4683,   521,   260,  -583
4693,   531,   149,  -717
4703,   553,    43,  -825
4713,   523,    -3,  -845
4723,   333,    10,  -803
4734,    79,    79,  -872
4744,  -140,   126, -1098
4754,  -282,   188, -1295
4764,  -315,   240, -1315
4774,  -229,   187, -1140
4785,  -137,    71,  -835
4795,   -32,     8,  -609
4805,    25,   -31,  -554
4815,     0,  -118,  -602
4825,   -72,  -194,  -699
4836,  -250,  -184,  -780
4846,  -493,  -114,  -938
4856,  -773,   -76, -1079
4866, -1020,   -13, -1172
4877, -1134,    61, -1282
4886, -1156,   116, -1288
4895, -1122,   125, -1139
4904,  -999,   100,  -949
4913,  -831,    33,  -882
4921,  -723,   -83,  -894
4930,  -702,  -258,  -906
4939,  -833,  -332,  -971
4949, -1061,  -220, -1190
4960, -1260,   -40, -1441
4970, -1359,   153, -1506
4980, -1412,   295, -1363
4991, -1401,   404, -1170
5002, -1314,   470,  -974
5012, -1219,   483,  -775
5022, -1120,   392,  -585
5032, -1098,   275,  -469
5042, -1128,   314,  -498
5053, -1160,   446,  -542
5063, -1191,   623,  -539
5073, -1150,   661,  -554
5083, -1073,   437,  -543
5093,  -994,   247,  -329
5104,  -909,    56,  -135
5114,  -869,   -27,    69
5124,  -847,   -24,   231
5134,  -837,   -98,   352
5144,  -837,  -153,   552
5154,  -780,   -88,   700
5165,  -676,    56,   829
5175,  -507,   227,  1016
5185,  -364,   310,  1068
5195,  -390,   303,  1019
5205,  -551,   218,   860
5216,  -737,    85,   737
5226,  -801,    -6,   731
5236,  -786,  -195,   827
5246,  -690,  -326,  1111
5256,  -425,  -315,  1505
5267,  -128,  -292,  1849
5277,   -93,  -142,  1915
5287,  -382,    27,  1509
5297,  -796,   193,   974
5308, -1078,   500,   677
5318, -1100,   801,   685
5328,  -916,   880,   873
5338,  -710,   754,  1097
5348,  -552,   656,  1251
5359,  -470,   576,  1288
5369,  -536,   410,  1166
5379,  -675,   382,   983
5389,  -855,   528,   846
5399, -1032,   664,   797
5410, -1073,   685,   877
5420,  -977,   563,  1031
5430,  -856,   426,  1193
5440,  -750,   394,  1281
5450,  -653,   225,  1172
5461,  -522,    -2,   993
5471,  -407,   -54,  1026
5481,  -334,    -6,  1155
5490,  -263,   -47,  1276
5499,  -264,  -143,  1262
5508,  -312,  -130,  1272
5517,  -282,  -148,  1447
5526,  -207,  -301,  1658
5535,  -120,  -457,  1752
5543,   -52,  -485,  1718
5552,   -64,  -387,  1581
5561,  -116,  -205,  1387
5570,  -232,    21,  1182
5580,  -411,   338,  1034
5591,  -478,   673,   851
5602,  -394,   778,   836
5612,  -196,   658,  1151
5622,    25,   336,  1434
5633,   141,   -36,  1920
5643,   100,  -280,  2780
5653,   -61,  -280,  2735
5663,  -178,  -249,  2126
5674,  -281,  -241,  1678
5684,  -252,  -231,  1304
5694,   -86,  -225,   810
5705,   112,  -292,   516
5715,   155,  -242,   474
5725,   150,  -194,   429
5735,   202,  -111,   339
5746,   200,   -53,   274
5756,   208,   -39,   248
5766,   211,   -53,   224
5777,   203,   -71,   188
5787,   193,   -72,   149
5797,   197,  -103,   139
5808,   203,  -127,   108
5818,   204,  -136,   106
5828,   220,  -131,    91
5838,   226,   -96,    89
5849,   228,   -75,   107
5859,   211,   -58,   113
5869,   197,   -59,   103
5880,   197,   -64,   109
5890,   193,   -57,   101
5900,   192,   -46,    69
5911,   202,   -49,    45
5921,   213,   -54,    77
5931,   202,   -71,   120
5941,   296,    11,   -78
5951,   234,   -64,   202
5962,   139,   -44,   222
5972,   157,   -19,    39
5982,   125,   -30,   -24
5992,   145,  -122,    -7
6001,   165,   -98,   -57
6010,   180,   -66,   -63
6019,   187,   -69,    -1
6028,   198,   -50,     0
6037,   191,   -28,   -11
6046,   173,     0,     9
6055,   166,    14,    33
6064,   164,    12,    35
6073,   161,     6,    31
6082,   162,   -10,    31
6091,   163,   -17,    34
6101,   167,   -31,    35
6112,   167,   -39,    33
6122,   163,   -39,    37
6132,   156,   -35,    44
6143,   157,   -32,    47
6153,   157,   -34,    46
6163,   156,   -42,    40
6173,   152,   -47,    38
6184,   154,   -39,    36
6194,   151,   -33,    33
6204,   147,   -31,    42
6215,   142,   -31,    45
6225,   142,   -27,    40
6235,   145,   -32,    45
6245,   146,   -31,    47
6256,   145,   -34,    40
6266,   143,   -29,    41
6276,   143,   -23,    45
6287,   145,   -25,    49
6297,   140,   -23,    45
6307,   138,   -24,    39
6317,   141,   -24,    40
6328,   142,   -25,    43
6338,   143,   -24,    49
6348,   142,   -26,    46
6358,   140,   -27,    52
6369,   141,   -27,    42
6379,   137,   -27,    37
6389,   132,   -30,    38
6397,   134,   -30,    35
6405,   129,   -31,    37
6413,   130,   -32,    36
6421,   132,   -30,    40
6430,   128,   -32,    40
6440,   129,   -31,    34
6450,   128,   -28,    34
6459,   125,   -30,    39
6469,   122,   -26,    40
6480,   124,   -30,    42
6490,   122,   -25,    45
6502,   121,   -27,    48
6512,   119,   -26,    51
6523,   119,   -29,    56
6533,   117,   -26,    54
6543,   115,   -29,    45
6553,   116,   -30,    45
6563,   116,   -26,    33
6574,   110,   -25,    26
6584,   108,   -24,    24
6594,   108,   -27,    35
6604,   107,   -29,    38
6614,   103,   -27,    36
6625,   107,   -29,    38
6635,   105,   -28,    44
6645,   102,   -26,    47
6655,   104,   -23,    47
6666,   102,   -21,    46
6676,   103,   -26,    35
6686,    99,   -28,    36
6696,    99,   -28,    40
6707,    98,   -28,    39
6717,    95,   -33,    31
6727,    96,   -29,    38
6737,    98,   -24,    36
6748,    96,   -18,    37
6758,    95,   -15,    35
6768,    92,   -16,    38
6778,    85,   -15,    39
6788,    83,   -14,    40
6797,    84,   -13,    33
6805,    87,   -14,    30
6813,    92,   -17,    31
6821,    93,   -17,    37
6830,    94,   -17,    45
6840,    94,   -17,    39
6850,    87,   -19,    41
6860,    91,   -23,    34
6870,    91,   -22,    40
6880,    83,   -25,    38
6890,    84,   -24,    42
6902,    86,   -26,    47
6913,    86,   -27,    51
6923,    91,   -24,    51
6933,    95,   -20,    55
6943,    94,   -21,    48
6953,    92,   -22,    47
6963,    89,   -19,    42
6974,    90,   -23,    43
6984,    85,   -21,    41
6994,    86,   -25,    38
7004,    82,   -22,    38
7014,    79,   -21,    40
7025,    75,   -27,    41
7035,    79,   -30,    44
7045,    80,   -27,    48
7055,    77,   -27,    52
7065,    74,   -29,    54
7076,    73,   -31,    51
7086,    69,   -30,    53
7096,    66,   -29,    49
7106,    62,   -27,    47
7116,    68,   -27,    47
7127,    68,   -28,    52
7137,    65,   -26,    45
7147,    68,   -23,    40
7157,    73,   -24,    34
7167,    75,   -21,    33
7178,    72,   -17,    37
7188,    72,   -15,    36
7198,    72,   -12,    38
7208,    76,   -10,    37
7218,    71,   -14,    42
7229,    66,   -16,    43
7239,    67,   -15,    41
7249,    69,   -17,    35
7259,    68,   -16,    37
7269,    66,   -15,    37
7280,    67,   -17,    40
7290,    69,   -17,    43
7300,    67,   -13,    42
7308,    66,   -15,    40
7316,    66,   -14,    37
7324,    62,   -16,    35
7332,    62,   -17,    42
7341,    60,   -10,    43
7350,    59,   -13,    44
7360,    58,   -12,    47
7370,    61,   -16,    50
7380,    64,   -15,    52
7391,    62,   -19,    58
7401,    64,   -15,    59
7412,    61,   -15,    54
7422,    60,   -16,    45
7433,    61,   -19,    49
7443,    58,   -20,    48
7453,    57,   -20,    45
7463,    59,   -21,    41
7473,    61,   -21,    36
7484,    60,   -20,    32
7494,    56,   -18,    35
7504,    55,   -13,    35
7514,    53,   -12,    32
7524,    51,   -11,    37
7535,    51,    -9,    36
7545,    47,    -5,    45
7555,    51,    -9,    43
7565,    54,    -7,    52
7575,    48,    -7,    50
7585,    52,   -11,    50
7596,    55,   -10,    50
7606,    52,    -8,    48
7616,    53,   -13,    49
7626,    55,   -14,    47
7636,    53,   -13,    42
7647,    52,   -10,    43
7657,    53,    -9,    48
7667,    54,    -7,    47
7677,    47,    -1,    49
7688,    45,     0,    46
7698,    43,    -5,    42
7708,    48,    -7,    42
7718,    49,   -10,    44
7729,    45,   -12,    45
7739,    45,   -12,    46
7749,    46,    -6,    45
7760,    48,    -7,    46
7770,    49,   -11,    47
7780,    46,   -12,    45
7790,    52,   -14,    36
7800,    55,    -8,    35
7809,    54,    -9,    33
7818,    49,   -11,    34
7827,    49,   -15,    37
7836,    48,   -15,    35
7845,    51,   -13,    34
7854,    52,   -14,    36
7863,    49,   -18,    33
7872,    50,   -13,    36
7882,    45,    -7,    39
7892,    44,   -11,    39
7902,    46,   -11,    44
7913,    49,    -9,    47
7924,    48,    -7,    49
7934,    46,    -8,    49
7944,    42,    -9,    49
7954,    41,   -10,    47
7964,    39,    -8,    44
7974,    39,    -8,    42
7985,    40,    -9,    38
7995,    42,   -13,    43
8005,    38,   -11,    37
8015,    39,    -8,    41
8025,    41,    -6,    47
8036,    39,    -1,    45
8046,    36,    -1,    49
8056,    37,    -3,    50
8066,    36,    -5,    50
8076,    34,    -4,    53
8087,    33,    -5,    46
8097,    35,    -4,    40
8106,    38,    -5,    40
8115,    43,    -7,    39
8124,    41,    -3,    36
8133,    37,    -2,    39
8142,    32,     0,    36
8152,    31,    -4,    39
8162,    30,    -8,    35
8172,    30,    -7,    35
8182,    35,    -9,    32
8192,    36,   -10,    33
8202,    34,   -11,    33
8212,    31,   -10,    35
8221,    29,    -9,    38
8231,    32,    -8,    39
8241,    34,    -9,    42
8251,    34,   -14,    45
8262,    39,   -17,    45
8271,    39,   -15,    48
8282,    39,   -15,    47
8292,    36,   -16,    50
8302,    34,   -15,    44
8313,    32,   -16,    40
8324,    29,   -10,    30
8334,    32,   -12,    25
8344,    32,    -8,    29
8354,    30,    -8,    28
8364,    28,   -12,    25
8374,    29,   -14,    33
8385,    31,   -12,    39
8395,    34,    -8,    35
8405,    34,     0,    39
8415,    33,     0,    38
8426,    31,    -1,    38
8436,    29,    -5,    34
8446,    26,    -2,    35
8456,    27,     0,    27
8466,    26,     0,    31
8477,    26,    -2,    42
8487,    27,    -2,    46
8497,    26,    -6,    44
8507,    26,    -7,    43
8517,    31,    -9,    49
8528,    33,   -11,    44
8538,    29,   -11,    38
8548,    27,    -7,    41
8558,    27,    -5,    47
8569,    27,     0,    49
8579,    25,    -2,    52
8589,    27,    -6,    54
8599,    24,    -8,    46
8609,    23,   -10,    47
8618,    26,   -10,    49
8627,    23,    -9,    47
8636,    23,   -13,    46
8645,    28,   -16,    46
8654,    29,   -15,    46
8663,    31,   -14,    48
8673,    30,   -13,    45
8682,    26,   -12,    52
8692,    26,    -9,    55
8702,    25,   -10,    57
8712,    25,    -7,    52
8722,    25,    -6,    45
8733,    31,    -6,    47
8743,    28,    -7,    39
8753,    30,    -1,    41
8762,    26,     0,    39
8772,    24,    -2,    40
8782,    24,    -2,    40
8792,    24,    -5,    35
8802,    23,    -6,    29
8812,    22,    -7,    31
8823,    22,    -6,    34
8834,    25,    -6,    38
8844,    25,    -5,    41
8854,    24,    -6,    42
8864,    21,    -8,    42
8874,    16,    -9,    43
8884,    16,    -5,    41
8895,    11,    -7,    34
8905,    10,   -12,    29
8915,    12,   -13,    37
8925,    15,   -10,    37
8935,    13,   -10,    35
8946,    16,   -11,    41
8956,    17,    -8,    42
8966,    16,    -6,    43
8976,    13,    -6,    49
8986,    14,    -4,    49
8996,    18,    -3,    46
9007,    18,    -3,    46
9017,    20,    -6,    47
9026,    19,    -6,    44
9035,    21,    -6,    45
9044,    19,    -7,    44
9053,    17,    -5,    45
9063,    14,    -2,    45
9073,    16,    -4,    47
9083,    18,    -5,    51
9092,    17,    -7,    48
9102,    13,    -7,    40
9112,    17,    -2,    35
9123,    14,    -3,    36
9134,    11,    -2,    37
9144,    12,    -3,    37
9154,    14,    -2,    34
9165,    15,    -6,    43
9175,    16,    -3,    46
9185,    16,     0,    44
9195,    20,    -2,    48
9206,    22,     0,    46
9216,    24,     0,    48
9225,    19,    -6,    44
9234,    16,    -8,    45
9243,    16,   -11,    44
9253,    18,   -12,    43
9263,    17,   -16,    47
9273,    15,   -16,    48
9283,    16,   -15,    46
9293,    19,   -10,    45
9303,    17,    -6,    48
9313,    12,    -9,    48
9323,     8,    -9,    57
9334,     5,    -7,    52
9345,     7,    -4,    47
9355,     7,    -4,    48
9365,     8,    -5,    55
9375,    12,    -6,    55
9385,    12,    -4,    43
9396,    14,    -4,    45
9406,    15,    -7,    49
9416,    15,    -6,    43
9426,    16,   -10,    46
9436,    13,   -12,    50
9447,    12,   -13,    47
9457,    13,    -8,    44
9467,    16,    -8,    41
9477,    13,    -4,    35
9487,    11,     0,    38
9498,    15,     3,    45
9508,    15,     2,    50
9518,    13,     2,    47
9528,    15,    -2,    42
9538,    11,    -6,    46
9549,    12,    -3,    45
9559,    12,    -4,    46
9569,    14,    -2,    45
9579,    18,    -3,    52
9589,    20,    -3,    45
9600,    13,     0,    42
9610,    10,    -2,    50
9620,    11,    -4,    46
9630,    16,    -5,    40
9640,    17,    -3,    36
9651,    14,    -3,    37
9661,    16,    -3,    43
9671,    11,     1,    42
9681,    11,     2,    44
9691,     8,     0,    38
9702,     7,    -1,    38
9712,    10,     1,    41
9722,    13,     0,    40
9731,     9,     2,    39
9740,     6,     2,    39
9749,     6,     0,    43
9757,     5,     2,    51
9766,     9,     4,    45
9775,    11,     4,    50
9784,    10,     6,    48
9793,    12,    -2,    41
9803,    10,    -2,    37
9813,     8,    -2,    35
9823,    12,    -2,    31
9833,     7,    -1,    25
9843,     7,     1,    36
9853,     4,    -2,    45
9863,     8,    -1,    40
9872,     7,    -2,    32
9882,     5,    -4,    26
9893,     5,    -1,    32
9903,     3,    -4,    35
9913,     6,    -2,    40
9924,     2,    -5,    47
9934,     1,    -6,    50
9944,     3,    -4,    41
9954,     5,    -5,    42
9965,     7,    -4,    49
9975,     5,    -6,    43
9985,     6,    -5,    36
9995,     7,    -7,    37
10005,     5,    -7,    41
10016,     6,    -8,    44
10026,     6,    -6,    43
10036,     4,    -2,    47
10046,     4,     1,    44
10056,     9,     1,    38
10067,     8,     2,    49
10077,     7,     8,    49
10087,     7,     0,    52
10097,     5,     3,    53
10107,     6,     2,    56
10118,    10,     0,    51
10128,     8,     0,    41
10138,    10,     2,    48
10148,    10,     4,    46
10158,     8,     5,    46
10169,     4,     6,    42
10179,     7,     9,    36
10189,     9,    10,    40
10199,     9,    10,    47
10209,     7,     7,    47
10219,     5,     1,    41
10230,     7,     2,    43
10240,     9,     2,    46
10250,    10,     4,    41
10260,    11,     3,    38
10270,    10,     2,    37
10281,    10,     0,    39
10291,    11,    -2,    48
10301,    10,     0,    45
10311,    10,     1,    46
10321,     8,     0,    43
10332,     7,    -1,    40
10342,     0,     0,    41
10352,    -1,    -3,    44
10362,     1,    -7,    42
10372,     2,    -2,    42
10383,     1,     0,    37
10393,     9,    -4,    40
10403,     8,    -6,    39
10413,     5,    -5,    38
10423,    10,   -10,    40
10433,     6,   -14,    35
10444,    10,   -10,    36
10454,    11,    -7,    39
10464,    13,    -3,    37
10474,    14,    -3,    35
10484,    12,    -4,    40
10495,    12,    -3,    48
10505,    12,    -4,    48
10515,    12,    -7,    45
10525,     7,    -6,    43
10535,     9,    -5,    45
10545,     9,    -1,    49
10556,     4,    -4,    51
10566,     1,    -1,    56
10576,     4,     1,    61
10586,     4,    -1,    57
10596,     8,     0,    56
10607,     9,    -1,    61
10617,     7,     1,    55
10627,     5,     0,    50
10637,     2,    -3,    51
10647,     4,    -2,    52
10657,     5,    -2,    52
10668,    10,    -3,    42
10678,     1,    -3,    46
10688,    -1,    -5,    48
10698,     0,    -1,    44
10708,     4,    -2,    38
10719,     3,    -3,    35
10729,     6,    -3,    34
10739,     2,    -1,    40
10749,     0,    -1,    38
10759,     0,     1,    39
10769,     0,     1,    47
10780,     0,     2,    48
10790,    -2,    -1,    48
10800,    -1,    -5,    51
10810,    -1,    -6,    54
10820,     0,   -11,    57
10830,     0,   -10,    57
10841,     0,   -12,    57
10851,     0,   -13,    57
10861,    -1,   -12,    59
10871,     1,   -11,    53
10881,     2,    -5,    44
10891,     1,    -4,    38
10902,     0,    -4,    43
10912,    -1,    -2,    46
10922,    -3,     0,    43
10932,    -3,    -1,    41
10942,     0,    -3,    31
10953,     2,    -3,    39
10963,     0,    -8,    39
10973,     1,    -3,    32
10983,     3,    -2,    36
10993,     1,    -4,    40
11004,     0,    -2,    47
11014,     2,    -2,    50
11024,     4,    -6,    50
11034,     4,    -4,    50
11044,     3,    -4,    47
11054,     4,    -2,    44
11065,     5,     0,    43
11075,     0,     4,    41
11085,     2,    12,    40
11095,     0,     8,    48
11105,     0,     4,    35
11115,     1,     3,    35
11126,     0,    -1,    39
11136,     0,    -1,    35
11146,     2,    -3,    37
11156,     3,     0,    38
11166,    -2,     2,    48
11177,    -2,     0,    52
11187,     0,    -1,    48
11197,     3,    -3,    44
11207,     1,    -3,    43
11218,     3,    -3,    40
11228,     6,    -1,    43
11237,     6,     0,    38
11246,     5,    -1,    37
11255,     5,    -3,    40
11264,     2,     0,    43
11273,     0,     2,    47
11282,    -1,    -2,    45
11290,    -4,    -2,    46
11299,    -2,    -3,    43
11308,     1,    -3,    35
11317,     4,    -1,    34
11326,     2,     0,    34
11335,     2,    -2,    34
11344,     1,    -3,    45
11353,     0,    -2,    51
11362,     1,    -2,    43
11371,     2,     1,    42
11380,     3,     5,    44
11389,     0,     6,    48
11398,     4,     4,    53
11406,     3,     0,    48
11415,     9,    -1,    48
11424,     7,    -3,    53
11434,     4,    -5,    49
11445,     4,    -5,    53
11456,     0,    -8,    55
11466,     1,    -7,    57
11476,     5,    -5,    56
11487,     0,    -5,    49
11497,    -1,    -6,    47
11507,    -3,    -2,    47
11518,    -3,     0,    47
11528,    -1,     0,    41
11538,     0,     1,    40
11547,    -2,     1,    40
11556,     0,     0,    40
11565,     4,     1,    42
11574,     6,     1,    47
11584,     7,    -3,    52
11594,     8,    -3,    53
11604,     5,    -2,    56
11615,     1,     0,    47
11624,     2,     0,    43
11634,     0,    -1,    44
11645,     0,     2,    35
11656,     1,     5,    39
11666,    -1,     5,    42
11676,    -1,     1,    46
11686,    -1,     1,    53
11696,     4,    -1,    46
11707,     6,     0,    46
11717,     3,     0,    45
11727,     7,    -1,    47
11737,     9,    -2,    47
11747,     8,    -3,    47
11756,     5,    -6,    46
11765,     4,    -7,    46
11775,     3,    -8,    46
11785,     3,   -11,    43
11795,     8,   -10,    49
11805,     9,    -9,    55
11815,     9,    -6,    57
11825,     9,    -6,    57
11835,     7,    -5,    55
11845,     5,    -5,    52
11855,     5,    -8,    49
11865,     2,    -4,    49
11875,     3,    -4,    49
11885,     4,    -2,    46
11895,     2,    -6,    43
11905,     4,    -4,    46
11915,     2,     0,    47
11925,     1,     2,    41
11935,    -1,    -3,    38
11945,    -1,     0,    36
11955,     0,     2,    41
11966,     3,     3,    41
11976,     3,     6,    42
11986,     4,    10,    49
11996,     6,     5,    50
12006,     2,     2,    47
12017,     0,     4,    42
12027,     0,     0,    37
12037,     7,    -1,    35
12047,     8,     0,    37
12057,     9,    -2,    49
12068,    10,    -2,    50
12078,     5,     0,    45
12088,     4,     2,    44
12098,     6,     4,    46
12108,     7,     2,    50
12118,     7,     0,    48
12129,     8,    -1,    47
12139,     7,     3,    45
12149,     9,     5,    49
12160,    12,     3,    42
12170,    14,     1,    37
12180,     9,     3,    34
12190,     6,     1,    37
12200,     2,    -5,    35
12210,     3,    -6,    37
12221,     1,    -8,    39
12231,     4,    -4,    39
12241,     1,    -1,    49
12251,     5,     0,    51
12262,     7,     3,    44
12274,     5,     6,    42
12284,     6,     9,    44
12295,     8,     2,    45
12306,     6,     0,    48
12316,     1,     0,    52
12326,     0,     0,    49
12337,     0,    -1,    52
12346,     1,    -4,    49
12355,     3,    -3,    50
12364,     3,    -4,    45
12373,     0,     0,    47
12382,     0,    -4,    40
12391,     2,    -9,    41
12400,     3,    -5,    40
12409,     3,     0,    37
12418,     1,     3,    34
12427,     3,     7,    36
12436,     2,     6,    40
12445,     2,     3,    45
12456,    -2,    -2,    50
12466,    -3,    -2,    41
12477,    -5,    -4,    44
12487,    -9,    -3,    44
12497,    -5,    -5,    45
12507,    -5,     1,    41
12518,    -7,     0,    38
12528,    -6,    -2,    35
12538,    -9,    -6,    42
12548,    -3,    -6,    41
12558,    -3,    -4,    40
12569,     3,    -6,    47
12579,     8,     0,    32
12589,     7,    -3,    39
12599,     8,     0,    33
12609,    10,    -2,    44
12620,     5,    -6,    36
12630,     4,    -5,    30
12640,     2,     1,    21
12650,     3,     3,    25
12660,     1,     8,    39
12671,     6,     9,    35
12681,     1,    11,    56
12691,     1,   -20,    62
12701,    30,   -36,    26
12711,    44,   -43,    40
12722,    53,   -20,    78
12733,    87,     3,   105
12743,   172,    36,   140
12753,   226,   102,   138
12762,   230,   130,   140
12771,   148,   130,    82
12780,   -21,    59,    40
12789,  -159,     4,    63
12798,  -124,   -10,    63
12807,  -101,   -30,   117
12816,   -90,   -50,   191
12825,   -93,   -30,   245
12834,   -95,     7,   313
12845,  -121,   -18,   382
12856,  -154,   -57,   378
12866,  -225,   -89,   342
12877,  -276,  -124,   362
12887,  -264,  -148,   453
12897,  -232,  -147,   561
12907,  -202,  -146,   643
12917,  -190,  -124,   686
12928,  -196,  -129,   685
12938,  -212,  -146,   704
12948,  -200,  -140,   754
12957,  -167,  -106,   822
12966,  -120,   -73,   921
12975,   -78,   -49,  1019
12985,   -78,   -36,  1098
12995,  -106,     6,  1158
13005,  -102,    25,  1403
13015,   -24,   -18,  1501
13025,     6,  -105,  1478
13035,   -62,   -52,  1347
13045,  -177,    81,  1159
13056,  -288,   164,  1015
13066,  -377,   184,   939
13076,  -456,   180,   921
13086,  -501,   132,   973
13096,  -464,    22,  1125
13107,  -406,   -98,  1297
13117,  -369,  -160,  1478
13127,  -299,  -146,  1692
13137,  -243,  -105,  1852
13148,  -235,   -38,  1872
13158,  -264,    23,  1741
13168,  -358,   107,  1518
13178,  -540,   238,  1299
13188,  -754,   453,  1126
13198,  -946,   623,   984
13209, -1066,   617,   946
13219, -1061,   410,  1037
13229,  -967,   182,  1184
13239,  -875,    34,  1334
13249,  -789,   -66,  1548
13259,  -704,  -201,  1744
13270,  -660,  -356,  1862
13280,  -682,  -435,  1886
13290,  -798,  -463,  1765
13300,  -921,  -437,  1574
13310, -1001,  -332,  1362
13321, -1064,  -204,  1251
13331, -1051,  -155,  1260
13341,  -986,  -214,  1306
13352,  -969,  -194,  1384
13362,  -977,  -110,  1438
13372,  -948,   -29,  1446
13383,  -922,   111,  1408
13393,  -974,   193,  1368
13403, -1023,   221,  1270
13413, -1032,   236,  1143
13424,  -983,   237,  1074
13434,  -914,   292,  1079
13444,  -872,   390,  1085
13454,  -850,   487,   968
13464,  -863,   697,   707
13475,  -958,   937,   350
13485, -1060,  1058,    89
13495, -1021,  1101,    28
13505,  -825,   943,    95
13516,  -661,   649,   181
13526,  -602,   456,    93
13536,  -645,   437,  -193
13546,  -796,   558,  -592
13557, -1001,   745,  -983
13567, -1176,   887, -1282
13577, -1226,   865, -1416
13588, -1136,   727, -1296
13598,  -927,   567, -1041
13608,  -641,   302,  -701
13618,  -429,    -8,  -430
13628,  -385,  -229,  -345
13639,  -472,  -288,  -429
13649,  -692,  -217,  -670
13659,  -947,   -94,  -926
13669, -1072,    42, -1076
13679, -1072,   179, -1058
13690, -1011,   269,  -919
13700,  -927,   321,  -762
13710,  -876,   393,  -665
13720,  -863,   420,  -615
13730,  -851,   399,  -582
13741,  -855,   457,  -572
13751,  -868,   600,  -536
13761,  -865,   740,  -517
13772,  -856,   766,  -581
13782,  -901,   689,  -759
13792, -1013,   567,  -881
13802, -1048,   512,  -852
13812,  -940,   638,  -649
13822,  -757,   807,  -360
13833,  -547,  1014,   -43
13843,  -324,  1262,   136
13853,  -129,  1452,   108
13864,   -32,  1367,   -47
13874,   -29,  1036,  -244
13884,   -56,   662,  -472
13894,   -67,   445,  -670
13905,   -69,   296,  -790
13915,   -45,   246,  -822
13925,   -24,   366,  -843
13936,    17,   573,  -943
13946,   100,   693, -1046
13955,   173,   613, -1030
13965,   246,   341,  -974
13974,   324,  -269,  -926
13983,   358,  -831,  -929
13992,   268, -1075, -1112
14001,    72,  -965, -1440
14010,  -100,  -601, -1794
14019,  -204,  -167, -2029
14028,  -175,   130, -2119
14037,    17,    86, -1949
14046,   256,  -269, -1639
14054,   445,  -716, -1345
14062,   505,  -925, -1257
14070,   425,  -952, -1333
14078,   304,  -734, -1462
14086,   227,  -328, -1502
14095,   246,   136, -1318
14105,   364,   431, -1085
14115,   537,   317,  -832
14125,   755,    10,  -540
14135,   944,  -145,  -366
14144,  1027,   -74,  -328
14155,   991,     8,  -478
14165,   877,   -45,  -713
14175,   763,  -101,  -943
14185,   684,   -71, -1146
14195,   614,    81, -1294
14205,   573,   299, -1372
14215,   613,   417, -1374
14225,   688,   393, -1302
14235,   745,   345, -1192
14245,   764,   261, -1133
14254,   747,   159, -1091
14264,   710,   167, -1114
14275,   658,   217, -1126
14284,   640,   212, -1065
14294,   649,   -38,  -926
14304,   724,  -373,  -717
14314,   805,  -549,  -551
14324,   804,  -612,  -425
14334,   746,  -612,  -398
14344,   650,  -596,  -459
14354,   563,  -559,  -550
14365,   512,  -569,  -609
14375,   509,  -704,  -563
14385,   564,  -917,  -418
14395,   616, -1022,  -295
14405,   608, -1033,  -266
14415,   576, -1083,  -259
14425,   512, -1043,  -286
14435,   438,  -833,  -378
14445,   387,  -519,  -494
14455,   388,  -245,  -579
14466,   421,   -27,  -667
14476,   412,   -68,  -773
14486,   362,  -423,  -816
14496,   300,  -782,  -837
14506,   264,  -977,  -894
14516,   287,  -875,  -956
14526,   303,  -601,  -946
14536,   338,  -229,  -926
14546,   438,   123,  -892
14555,   610,   346,  -755
14565,   828,   378,  -545
14575,   990,   228,  -363
14585,  1065,   -21,  -239
14595,  1020,  -225,  -216
14605,   872,  -240,  -330
14615,   716,   -72,  -510
14625,   576,   174,  -688
14636,   491,   367,  -768
14646,   549,   446,  -732
14656,   651,   441,  -619
14666,   707,   392,  -499
14676,   702,   216,  -457
14685,   563,   -33,  -428
14697,   374,  -132,  -435
14706,   240,  -157,  -426
14716,   164,  -161,  -315
14726,   164,  -132,  -114
14735,   288,   -69,   134
14745,   492,    64,   442
14755,   759,   183,   707
14765,  1028,   219,   863
14775,  1159,   103,   812
14786,  1075,   -24,   521
14795,   822,   -10,    25
14805,   512,   138,  -510
14815,   240,   386,  -995
14825,    57,   578, -1358
14836,   -36,   628, -1598
14846,   -91,   564, -1730
14855,  -158,   425, -1725
14865,  -185,   228, -1636
14874,   -95,    -7, -1437
14885,   149,  -259, -1125
14896,   421,  -371,  -697
14905,   723,  -285,  -283
14915,  1082,  -224,    21
14924,  1421,  -290,   157
14935,  1599,  -445,     4
14945,  1573,  -480,  -300
14955,  1418,  -332,  -694
14966,  1179,  -141, -1081
14976,   954,    81, -1400
14986,   784,   349, -1548
14995,   735,   577, -1538
15005,   820,   489, -1401
15016,   933,   304, -1208
15028,   968,    92, -1139
15036,   809,   -89, -1232
15046,   553,  -186, -1354
15055,   398,  -210, -1470
15065,   389,   -71, -1351
15074,   534,   110,  -923
15085,   827,   146,  -447
15095,  1142,   135,   -21
15104,  1424,    38,   224
15115,  1570,  -101,   274
15125,  1578,  -199,   242
15134,  1514,  -272,   157
15145,  1477,  -367,    87
15155,  1456,  -497,    25
15165,  1368,  -522,   -38
15176,  1197,  -490,  -220
15186,   943,  -375,  -584
15196,   725,   -39,  -850
15205,   696,   225,  -932
15215,   805,   280,  -822
15225,   994,   195,  -579
15235,  1247,    90,  -278
15245,  1445,   -37,   -12
15255,  1508,  -162,   133
15265,  1472,  -261,   118
15276,  1256,  -245,    73
15286,   960,   129,   -91
15296,   772,   632,  -307
15306,   715,   903,  -334
15316,   782,   884,  -145
15326,   884,   492,   138
15336,   890,   -98,   403
15346,   814,  -525,   622
15356,   689,  -704,   638
15366,   488,  -517,   658
15376,   326,    29,   565
15385,   250,   511,   264
15396,   194,   874,    94
15406,   202,   995,    59
15416,   157,   861,     8
15426,    66,   732,    54
15436,   -24,   486,   150
15446,   -77,    36,   364
15456,   -63,  -298,   427
15466,  -186,  -319,   846
15476,  -287,  -275,  1354
15487,  -362,    92,  1452
15497,  -543,   478,  1381
15507,  -718,   720,  1078
15517,  -869,   810,   803
15527,  -945,   838,   811
15537,  -907,   861,  1045
15547,  -784,   794,  1371
15556,  -640,   696,  1696
15566,  -501,   563,  1965
15576,  -406,   379,  2108
15585,  -363,   151,  2241
15596,  -315,   -17,  2363
15606,  -218,   -89,  2324
15616,   -60,    28,  2259
15626,    96,   344,  2230
15636,   265,   804,  2137
15646,   469,  1173,  1979
15656,   604,  1179,  1847
15667,   619,   910,  2058
15676,   540,   486,  1930
15686,   460,   117,  1762
15697,   442,  -149,  1748
15707,   580,  -278,  1489
15717,   822,  -359,  1204
15727,  1021,  -282,  1192
15737,  1183,  -145,  1292
15747,  1251,  -213,  1440
15756,  1147,  -498,  1679
15765,   888,  -673,  1867
15775,   585,  -713,  1833
15785,   369,  -753,  1606
15795,   204,  -762,  1382
15805,    33,  -629,  1141
15815,   -80,  -467,   878
15825,  -165,  -244,   671
15835,  -245,    29,   532
15845,  -321,   252,   469
15855,  -350,   347,   369
15865,  -332,   355,   331
15875,  -301,   305,   318
15885,  -282,   235,   284
15895,  -269,   178,   258
15905,  -262,   139,   219
15916,  -266,   106,   190
15926,  -267,    83,   175
15935,  -265,    78,   150
15945,  -253,    70,   114
15955,  -239,    59,    84
15966,  -230,    38,    83
15976,  -219,     8,    64
15986,  -217,   -10,    36
15996,  -220,   -35,    29
16006,  -217,   -37,    36
16016,  -211,   -32,    24
16026,  -199,   -14,    10
16036,  -200,    -1,    -9
16046,  -202,    20,     4
16056,  -193,    41,    -9
16066,  -192,    34,    33
16076,  -205,    37,    89
16087,  -201,    12,   107
16096,  -186,    21,   124
16106,  -160,    36,   174
16116,   -87,   305,   300
16126,   -87,   735,   448
16137,  -449,   733,   926
16146,  -427,   456,   473
16156,  -287,   112,  -512
16166,   -89,  -241, -1163
16176,    -8,  -443,  -681
16186,  -172,  -433,   373
16196,  -270,  -188,   539
16206,  -197,   -45,    19
16216,  -128,  -128,  -309
16226,  -164,  -184,  -121
16236,  -208,  -101,   149
16246,  -189,     0,   120
16256,  -166,   -10,    15
16267,  -186,   -55,     0
16276,  -192,   -24,    11
16286,  -174,    11,    22
16296,  -175,    -3,    63
16306,  -186,   -17,    57
16317,  -187,    -8,    17
16327,  -182,     3,    24
16336,  -186,     1,    53
16346,  -183,     4,    40
16358,  -177,     7,    15
16367,  -175,     4,    30
16376,  -177,     6,    37
16386,  -172,     8,    12
16396,  -165,     1,     5
16407,  -166,    -4,    37
16417,  -168,    -1,    48
16427,  -171,     0,    40
16436,  -171,    -1,    37
16446,  -170,    -1,    33
16456,  -166,     5,    31
16468,  -158,    11,    44
16478,  -160,     7,    41
16488,  -159,     3,    39
16498,  -156,     0,    33
16507,  -157,    -1,    33
16518,  -162,    -1,    31
16528,  -161,     1,    32
16538,  -161,     7,    32
16548,  -162,     6,    34
16558,  -156,     6,    35
16568,  -152,     9,    30
16578,  -148,    10,    32
16588,  -146,     9,    38
16598,  -147,     4,    37
16608,  -145,     1,    39
16618,  -146,     1,    41
16628,  -146,     5,    50
16638,  -144,    15,    47
16648,  -143,     9,    48
16658,  -137,     8,    41
16667,  -134,     3,    39
16677,  -133,     5,    41
16687,  -134,     0,    48
16696,  -133,    -4,    48
16706,  -133,    -3,    48
16716,  -127,     0,    48
16726,  -129,     8,    44
16737,  -127,     5,    44
16747,  -123,     3,    44
16757,  -123,     7,    42
16766,  -121,     8,    41
16776,  -124,     6,    45
16786,  -126,     2,    50
16797,  -122,    -6,    55
16809,  -123,    -6,    49
16817,  -121,    -3,    46
16827,  -120,     0,    39
16837,  -120,     6,    32
16847,  -120,     0,    33
16857,  -119,    -1,    35
16866,  -122,     0,    45
16876,  -119,     5,    44
16887,  -120,     8,    42
16897,  -114,     6,    41
16907,  -115,     3,    39
16917,  -109,     2,    47
16926,  -106,     0,    45
16936,  -106,     0,    40
16947,  -104,    10,    41
16957,  -103,    13,    50
16967,  -106,    10,    54
16977,  -104,     6,    52
16987,  -103,    -1,    51
16997,  -103,     0,    59
17007,   -99,     2,    52
17017,   -93,     2,    43
17027,   -93,     4,    38
17037,  -100,     1,    42
17046,  -100,     0,    39
17057,  -103,     0,    43
17066,  -106,    -1,    48
17076,  -104,    -4,    50
17086,  -103,    -4,    45
17096,  -100,    -6,    45
17106,   -98,    -9,    40
17116,   -97,    -7,    45
17126,   -99,    -4,    45
17136,   -97,    -4,    46
17146,   -94,    -5,    46
17156,   -94,    -1,    44
17166,   -94,    -1,    45
17176,   -91,    -1,    45
17186,   -94,    -2,    49
17196,   -94,     0,    49
17206,   -92,     0,    51
17216,   -85,     3,    46
17226,   -83,     4,    40
17236,   -87,     7,    43
17246,   -88,     6,    41
17256,   -87,     3,    36
17267,   -87,     2,    38
17277,   -86,     1,    42
17287,   -86,     0,    42
17297,   -86,     2,    42
17307,   -84,     3,    38
17317,   -86,     5,    46
17327,   -86,     0,    42
17337,   -81,     0,    39
17347,   -83,     0,    40
17357,   -83,     2,    44
17367,   -82,     0,    47
17381,   -82,    -2,    48
17389,   -79,    -1,    48
17397,   -80,    -5,    54
17407,   -77,    -7,    44
17417,   -76,    -1,    37
17427,   -72,     0,    39
17437,   -76,     1,    42
17447,   -79,     0,    43
17457,   -78,     1,    46
17467,   -77,    -1,    46
17477,   -78,    -4,    42
17487,   -78,    -1,    42
17497,   -76,    -1,    41
17507,   -76,     1,    42
17517,   -77,    -1,    37
17527,   -74,     0,    39
17537,   -72,     5,    48
17547,   -69,     5,    51
17557,   -71,     7,    54
17566,   -71,     8,    49
17577,   -70,     4,    48
17586,   -68,     5,    49
17596,   -67,     8,    49
17607,   -64,     8,    46
17616,   -66,     3,    46
17626,   -63,     2,    48
17637,   -63,     2,    48
17646,   -58,     0,    46
17657,   -61,    -2,    43
17667,   -64,    -5,    39
17677,   -61,    -3,    38
17687,   -63,    -2,    43
17697,   -60,     1,    46
17707,   -58,     3,    42
17718,   -61,    -1,    35
17727,   -65,    -2,    36
17737,   -63,    -6,    41
17747,   -63,     3,    40
17757,   -65,     4,    44
17766,   -68,     0,    48
17777,   -60,     2,    47
17786,   -65,     1,    40
17796,   -66,     2,    35
17807,   -62,     5,    36
17816,   -58,     4,    43
17827,   -55,     5,    42
17837,   -54,     3,    42
17846,   -52,     4,    37
17857,   -49,     2,    36
17867,   -52,    -1,    36
17877,   -58,     6,    38
17887,   -60,     2,    39
17897,   -57,     0,    44
17907,   -55,     2,    47
17918,   -55,     4,    43
17928,   -56,     5,    39
17937,   -51,     7,    37
17947,   -53,     2,    33
17957,   -56,    -2,    30
17967,   -49,    -1,    33
17978,   -49,     0,    35
17988,   -52,     2,    44
17998,   -52,    -1,    40
18007,   -58,     1,    41
18017,   -60,     1,    40
18028,   -58,     1,    39
18038,   -57,     0,    43
18048,   -59,     4,    47
18057,   -54,     5,    51
18067,   -51,     3,    44
18077,   -52,     1,    40
18088,   -50,     0,    34
18098,   -51,     0,    36
18108,   -52,     0,    35
18118,   -52,     1,    38
18127,   -52,     0,    38
18137,   -51,     0,    38
18148,   -50,    -2,    39
18158,   -47,    -4,    47
18168,   -41,    -1,    44
18178,   -43,    -3,    40
18189,   -47,    -3,    47
18199,   -49,    -1,    50
18209,   -45,    -3,    46
18219,   -43,    -4,    47
18229,   -47,    -3,    49
18239,   -42,    -6,    44
18249,   -34,    -7,    45
18259,   -32,    -6,    45
18267,   -37,   -10,    48
18277,   -37,   -14,    49
18287,   -41,   -13,    51
18297,   -36,   -10,    50
18307,   -33,    -5,    46
18316,   -34,     0,    39
18327,   -39,    -1,    40
18336,   -42,    -2,    42
18347,   -42,    -3,    40
18357,   -39,    -5,    41
18368,   -41,    -4,    40
18378,   -40,    -8,    41
18388,   -41,    -6,    42
18398,   -41,    -7,    43
18408,   -42,   -10,    35
18418,   -43,    -8,    41
18428,   -46,    -6,    41
18439,   -44,    -2,    42
18449,   -41,    -2,    45
18458,   -38,     1,    41
18468,   -38,     4,    42
18478,   -37,     5,    49
18488,   -35,     6,    57
18497,   -39,     6,    53
18507,   -39,     1,    51
18518,   -37,     2,    48
18528,   -36,     4,    39
18538,   -31,    -1,    44
18548,   -35,    -5,    49
18558,   -30,    -4,    41
18567,   -29,    -7,    41
18577,   -35,    -4,    49
18587,   -36,    -2,    46
18597,   -42,     0,    42
18607,   -43,     3,    35
18617,   -37,     2,    42
18627,   -36,    -1,    39
18637,   -43,    -5,    41
18647,   -41,    -2,    44
18657,   -39,     0,    41
18667,   -38,     1,    37
18677,   -36,     0,    34
18687,   -34,     1,    38
18697,   -33,     5,    40
18707,   -28,    -1,    44
18717,   -27,    -2,    42
18727,   -24,     0,    43
18737,   -23,    -1,    45
18748,   -20,    -1,    49
18757,   -25,     0,    51
18768,   -26,    -4,    51
18778,   -23,    -5,    50
18788,   -25,    -5,    54
18798,   -26,    -3,    58
18808,   -29,    -1,    54
18818,   -29,     0,    52
18828,   -31,    -5,    59
18838,   -30,    -5,    57
18848,   -28,    -6,    57
18858,   -29,    -5,    53
18867,   -29,    -1,    43
18877,   -27,    -2,    35
18887,   -27,    -3,    34
18897,   -23,    -1,    34
18908,   -22,     1,    34
18917,   -25,     4,    33
18927,   -27,     9,    35
18938,   -23,     5,    40
18947,   -24,     3,    42
18957,   -18,     3,    39
18968,   -22,     0,    46
18978,   -23,    -4,    49
18988,   -27,    -2,    46
18998,   -24,    -1,    32
19008,   -29,     1,    29
19018,   -24,     0,    25
19028,   -25,     0,    24
19038,   -25,     0,    29
19048,   -25,    -2,    29
19058,   -32,     1,    32
19069,   -26,     6,    37
19078,   -28,     7,    34
19088,   -27,     4,    44
19098,   -27,     2,    46
19109,   -25,     9,    41
19118,   -25,     8,    39
19128,   -26,     5,    39
19138,   -30,     3,    40
19148,   -28,    -1,    36
19158,   -21,    -4,    44
19169,   -23,    -5,    57
19179,   -24,    -2,    60
19189,   -22,     0,    54
19199,   -24,    -1,    40
19209,   -23,     0,    39
19220,   -21,    -3,    37
19230,   -20,    -4,    38
19240,   -21,    -6,    34
19249,   -17,    -8,    30
19259,   -21,     0,    35
19267,   -27,    -7,    40
19278,   -30,    -7,    42
19288,   -29,    -2,    60
19297,   -25,     1,    43
19307,   -20,     0,    33
19318,   -18,     0,    40
19328,   -21,     5,    74
19337,   -21,     7,    80
19347,   -18,     4,    28
19358,   -18,     0,    14
19369,   -24,    -3,    37
19378,   -25,     0,    53
19388,   -25,     0,    45
19398,   -21,    -7,    37
19408,   -27,     0,    39
19418,   -20,     3,    37
19428,   -29,     6,    59
19438,   -19,     9,    51
19448,   -19,     5,    33
19458,   -24,     7,    46
19468,   -17,    -2,    44
19478,   -17,    -9,    41
19488,   -18,   -13,    47
19499,   -13,   -13,    44
19509,   -14,    -6,    41
19519,   -16,    -3,    48
19529,   -11,    -1,    51
19539,    -6,     1,    48
19548,    -9,     0,    58
19559,   -18,     2,    75
19568,   -18,     6,    65
19578,   -20,    -1,    51
19588,   -27,    -1,    53
19597,   -31,    -2,    54
19608,   -32,    -5,    47
19618,   -31,    -9,    41
19628,   -24,   -16,    16
19638,     0,   -24,   -23
19647,   -16,   -21,    18
19658,   -17,   -15,    49
19669,   -21,     7,    53
19679,   -13,     4,    32
19688,   -18,    -7,    49
19698,   -14,    -2,    39
19708,    -4,    -1,    32
19718,    -7,   -15,    57
19728,   -11,   -23,    51
19738,    -8,   -23,    43
19748,   -12,   -20,    60
19759,   -25,     2,    80
19769,   -11,     2,    43
19779,   -11,    -2,    30
19789,   -10,   -15,    40
19799,    -9,   -16,    34
19809,    -9,    -8,    50
19819,   -16,    -6,    42
19829,    -8,   -17,    25
19838,   -15,   -13,    28
19848,     1,    -8,    -8
19859,     4,    -2,     1
19869,    -6,    -7,    35
19879,   -21,     5,    49
19889,   -10,     5,    38
19898,   -13,     0,    56
19908,   -10,     1,    56
19919,    -4,     5,    58
19929,    -7,    12,    56
19939,    -3,     7,    57
19949,   -12,     2,    84
19959,   -21,     2,    84
19969,   -19,     0,    79
19979,   -27,     8,    80
19989,   -17,     2,    72
19998,   -13,     9,    75
20010,   -20,    26,    82
20018,   -17,    27,    86
20029,   -17,    24,    87
20039,    -8,    28,    52
20049,     8,    31,     4
20059,    15,    27,   -16
20069,    17,    24,   -43
20079,     8,    12,   -23
20088,    -9,   -11,    23
20099,   -22,   -22,    56
20109,   -14,   -26,    45
20119,    -5,   -24,    24
20129,   -16,    -8,    39
20139,    -5,     3,    42
20149,    -6,    -1,    58
20159,    -9,    -1,    51
20168,    -4,    -3,    23
20178,    -7,    -3,    18
20188,    -4,    -9,    -4
20198,     3,     1,   -32
20209,    -4,     0,   -27
20218,    -5,   -15,    -9
20228,    -6,   -22,    18
20238,     7,    -9,    15
20248,    -5,   -19,    46
20258,     1,   -29,    66
20269,     8,   -31,    78
20280,    12,   -21,    68
20290,     9,    -8,    51
20300,     4,     2,    80
