time,qw,qx,qy,qz
6,-0.73535,0.01953,0.02765,-0.67694
11,-0.73541,0.01886,0.02716,-0.67682
16,-0.73566,0.01813,0.02637,-0.67670
20,-0.73578,0.01709,0.02533,-0.67664
25,-0.73578,0.01587,0.02435,-0.67664
30,-0.73572,0.01483,0.02356,-0.67682
35,-0.73553,0.01410,0.02307,-0.67700
40,-0.73535,0.01373,0.02283,-0.67725
44,-0.73505,0.01373,0.02283,-0.67755
49,-0.73486,0.01385,0.02313,-0.67780
54,-0.73462,0.01410,0.02362,-0.67798
59,-0.73444,0.01428,0.02448,-0.67816
64,-0.73425,0.01428,0.02594,-0.67828
68,-0.73407,0.01404,0.02789,-0.67841
73,-0.73395,0.01343,0.03027,-0.67847
78,-0.73383,0.01233,0.03284,-0.67847
83,-0.73389,0.01080,0.03516,-0.67828
88,-0.73407,0.00922,0.03717,-0.67804
93,-0.73431,0.00781,0.03845,-0.67773
98,-0.73456,0.00671,0.03918,-0.67743
102,-0.73474,0.00592,0.03918,-0.67725
107,-0.73468,0.00537,0.03906,-0.67731
112,-0.73450,0.00488,0.03876,-0.67755
117,-0.73425,0.00433,0.03851,-0.67786
121,-0.73389,0.00360,0.03845,-0.67828
126,-0.73346,0.00293,0.03857,-0.67871
131,-0.73315,0.00244,0.03882,-0.67902
136,-0.73297,0.00208,0.03912,-0.67920
141,-0.73285,0.00177,0.03961,-0.67926
145,-0.73285,0.00171,0.03992,-0.67926
153,-0.73297,0.00189,0.03998,-0.67920
163,-0.73303,0.00232,0.03986,-0.67908
174,-0.73309,0.00311,0.03949,-0.67902
183,-0.73309,0.00397,0.03912,-0.67908
194,-0.73309,0.00476,0.03870,-0.67908
203,-0.73309,0.00549,0.03821,-0.67908
214,-0.73315,0.00604,0.03778,-0.67908
224,-0.73322,0.00641,0.03754,-0.67902
234,-0.73334,0.00659,0.03735,-0.67883
243,-0.73352,0.00665,0.03723,-0.67871
253,-0.73364,0.00671,0.03735,-0.67853
263,-0.73383,0.00708,0.03754,-0.67834
274,-0.73401,0.00757,0.03778,-0.67810
283,-0.73425,0.00806,0.03802,-0.67786
293,-0.73450,0.00861,0.03809,-0.67755
304,-0.73468,0.00928,0.03802,-0.67731
313,-0.73492,0.01001,0.03796,-0.67706
324,-0.73511,0.01062,0.03778,-0.67688
334,-0.73535,0.01123,0.03754,-0.67664
343,-0.73560,0.01160,0.03729,-0.67639
353,-0.73578,0.01154,0.03717,-0.67621
364,-0.73566,0.01129,0.03674,-0.67633
374,-0.73541,0.01135,0.03680,-0.67657
384,-0.73547,0.01135,0.03711,-0.67651
394,-0.73560,0.01129,0.03723,-0.67633
403,-0.73578,0.01129,0.03717,-0.67615
414,-0.73590,0.01141,0.03711,-0.67603
424,-0.73608,0.01147,0.03699,-0.67584
434,-0.73627,0.01141,0.03674,-0.67566
444,-0.73633,0.01099,0.03632,-0.67560
453,-0.73627,0.00983,0.03601,-0.67572
464,-0.73602,0.00830,0.03583,-0.67603
474,-0.73572,0.00665,0.03589,-0.67639
483,-0.73535,0.00513,0.03601,-0.67676
494,-0.73511,0.00409,0.03613,-0.67706
504,-0.73486,0.00366,0.03625,-0.67731
514,-0.73474,0.00372,0.03638,-0.67743
524,-0.73468,0.00427,0.03644,-0.67749
534,-0.73474,0.00513,0.03625,-0.67743
544,-0.73492,0.00623,0.03571,-0.67725
554,-0.73517,0.00745,0.03497,-0.67700
563,-0.73560,0.00873,0.03418,-0.67657
574,-0.73608,0.00989,0.03326,-0.67609
584,-0.73657,0.01086,0.03223,-0.67554
594,-0.73706,0.01184,0.03113,-0.67505
604,-0.73749,0.01282,0.03021,-0.67462
614,-0.73737,0.01312,0.02875,-0.67480
624,-0.73688,0.01398,0.02728,-0.67535
634,-0.73627,0.01471,0.02618,-0.67609
644,-0.73584,0.01550,0.02557,-0.67657
657,-0.73560,0.01617,0.02527,-0.67682
667,-0.73541,0.01666,0.02502,-0.67700
677,-0.73517,0.01703,0.02472,-0.67731
687,-0.73480,0.01703,0.02429,-0.67773
697,-0.73425,0.01691,0.02417,-0.67828
707,-0.73364,0.01678,0.02441,-0.67889
716,-0.73309,0.01666,0.02496,-0.67957
727,-0.73248,0.01660,0.02563,-0.68011
737,-0.73193,0.01666,0.02600,-0.68073
747,-0.73138,0.01709,0.02594,-0.68134
757,-0.73065,0.01794,0.02551,-0.68207
767,-0.72992,0.01910,0.02502,-0.68286
777,-0.72913,0.02014,0.02484,-0.68372
787,-0.72827,0.02081,0.02496,-0.68457
797,-0.72742,0.02100,0.02521,-0.68549
807,-0.72632,0.02112,0.02563,-0.68658
817,-0.72504,0.02148,0.02606,-0.68793
827,-0.72357,0.02234,0.02649,-0.68945
837,-0.72198,0.02356,0.02679,-0.69110
847,-0.72021,0.02521,0.02728,-0.69281
856,-0.71851,0.02722,0.02789,-0.69452
866,-0.71698,0.02960,0.02875,-0.69592
876,-0.71576,0.03204,0.03015,-0.69702
886,-0.71460,0.03412,0.03186,-0.69806
896,-0.71350,0.03595,0.03369,-0.69904
906,-0.71228,0.03754,0.03522,-0.70007
917,-0.71094,0.03882,0.03638,-0.70129
926,-0.70941,0.03961,0.03705,-0.70276
936,-0.70764,0.04010,0.03748,-0.70447
947,-0.70575,0.04004,0.03717,-0.70642
957,-0.70361,0.03900,0.03485,-0.70868
967,-0.70172,0.03809,0.03101,-0.71082
978,-0.69977,0.03784,0.02753,-0.71289
987,-0.69751,0.03809,0.02509,-0.71521
997,-0.69482,0.03888,0.02374,-0.71777
1007,-0.69177,0.04053,0.02313,-0.72064
1017,-0.68829,0.04333,0.02307,-0.72388
1027,-0.68433,0.04694,0.02380,-0.72736
1037,-0.67993,0.05072,0.02533,-0.73114
1048,-0.67517,0.05389,0.02728,-0.73523
1057,-0.67004,0.05597,0.02930,-0.73969
1067,-0.66443,0.05652,0.03094,-0.74463
1076,-0.65833,0.05603,0.03223,-0.75000
1086,-0.65210,0.05560,0.03375,-0.75543
1097,-0.64551,0.05542,0.03485,-0.76099
1106,-0.63849,0.05542,0.03577,-0.76685
1116,-0.63135,0.05554,0.03674,-0.77271
1127,-0.62408,0.05505,0.03754,-0.77856
1136,-0.61682,0.05389,0.03809,-0.78442
1147,-0.60944,0.05139,0.03833,-0.79028
1157,-0.60236,0.04773,0.03827,-0.79596
1167,-0.59540,0.04364,0.03796,-0.80139
1177,-0.58826,0.03979,0.03741,-0.80688
1188,-0.58057,0.03613,0.03693,-0.81262
1197,-0.57239,0.03278,0.03693,-0.81854
1207,-0.56403,0.02972,0.03754,-0.82440
1217,-0.55591,0.02686,0.03845,-0.82996
1227,-0.54797,0.02435,0.03931,-0.83527
1237,-0.54016,0.02216,0.04053,-0.84033
1247,-0.53259,0.02063,0.04211,-0.84515
1257,-0.52509,0.02008,0.04364,-0.84973
1267,-0.51770,0.02008,0.04486,-0.85419
1277,-0.51050,0.01984,0.04565,-0.85846
1288,-0.50348,0.01892,0.04590,-0.86267
1298,-0.49634,0.01752,0.04584,-0.86676
1308,-0.48926,0.01593,0.04547,-0.87085
1317,-0.48218,0.01410,0.04504,-0.87482
1327,-0.47552,0.01215,0.04468,-0.87854
1338,-0.46942,0.01013,0.04401,-0.88190
1348,-0.46362,0.00830,0.04309,-0.88501
1358,-0.45782,0.00671,0.04211,-0.88806
1367,-0.45203,0.00635,0.04181,-0.89105
1377,-0.44592,0.00726,0.04254,-0.89410
1388,-0.43951,0.00885,0.04413,-0.89716
1398,-0.43280,0.01025,0.04559,-0.90033
1408,-0.42603,0.01074,0.04620,-0.90350
1418,-0.41949,0.01001,0.04614,-0.90656
1427,-0.41364,0.00824,0.04541,-0.90930
1437,-0.40839,0.00568,0.04425,-0.91174
1448,-0.40375,0.00311,0.04321,-0.91388
1455,-0.39972,0.00214,0.04236,-0.91571
1464,-0.39581,0.00348,0.04150,-0.91742
1475,-0.39142,0.00635,0.04095,-0.91931
1485,-0.38654,0.00964,0.04065,-0.92139
1495,-0.38110,0.01288,0.04053,-0.92358
1505,-0.37531,0.01587,0.04053,-0.92590
1514,-0.36932,0.01862,0.04028,-0.92828
1525,-0.36334,0.02130,0.03979,-0.93060
1534,-0.35730,0.02362,0.03900,-0.93292
1545,-0.35156,0.02557,0.03802,-0.93506
1555,-0.34625,0.02747,0.03705,-0.93701
1564,-0.34100,0.02911,0.03583,-0.93896
1575,-0.33575,0.03058,0.03485,-0.94086
1585,-0.33038,0.03186,0.03436,-0.94269
1595,-0.32483,0.03351,0.03436,-0.94458
1605,-0.31915,0.03577,0.03510,-0.94641
1614,-0.31354,0.03864,0.03699,-0.94812
1625,-0.30780,0.04150,0.03961,-0.94977
1635,-0.30206,0.04376,0.04248,-0.95135
1645,-0.29633,0.04517,0.04449,-0.95300
1655,-0.29065,0.04608,0.04529,-0.95471
1665,-0.28528,0.04694,0.04529,-0.95624
1675,-0.28040,0.04755,0.04456,-0.95770
1685,-0.27563,0.04761,0.04346,-0.95911
1695,-0.27094,0.04724,0.04248,-0.96051
1705,-0.26593,0.04651,0.04163,-0.96204
1715,-0.26074,0.04663,0.04181,-0.96344
1725,-0.25568,0.04755,0.04309,-0.96466
1735,-0.25031,0.04846,0.04425,-0.96600
1745,-0.24451,0.04932,0.04474,-0.96741
1755,-0.23828,0.04950,0.04443,-0.96893
1765,-0.23138,0.04803,0.04327,-0.97076
1775,-0.22406,0.04462,0.04102,-0.97272
1784,-0.21661,0.03918,0.03741,-0.97479
1795,-0.20941,0.03223,0.03290,-0.97681
1805,-0.20233,0.02472,0.02771,-0.97864
1815,-0.19507,0.01770,0.02258,-0.98041
1825,-0.18744,0.01160,0.01733,-0.98206
1835,-0.17938,0.00647,0.01208,-0.98370
1845,-0.17108,0.00226,0.00720,-0.98529
1855,-0.16278,-0.00110,0.00311,-0.98669
1865,-0.15466,-0.00378,-0.00018,-0.98798
1875,-0.14655,-0.00592,-0.00311,-0.98920
1885,-0.13806,-0.00757,-0.00555,-0.99042
1895,-0.12903,-0.00897,-0.00714,-0.99164
1905,-0.11945,-0.01013,-0.00769,-0.99280
1915,-0.10986,-0.01074,-0.00696,-0.99390
1925,-0.10059,-0.01093,-0.00500,-0.99487
1935,-0.09161,-0.01068,-0.00250,-0.99579
1946,-0.08276,-0.01001,-0.00024,-0.99658
1955,-0.07312,-0.00916,0.00128,-0.99731
1965,-0.06183,-0.00824,0.00189,-0.99811
1975,-0.04877,-0.00739,0.00165,-0.99884
1985,-0.03418,-0.00671,0.00031,-0.99945
1995,-0.01880,-0.00684,-0.00220,-0.99982
2005,-0.00336,-0.00812,-0.00507,-1.00000
2015,0.01099,-0.01111,-0.00696,-0.99988
2025,0.02325,-0.01538,-0.00702,-0.99963
2035,0.03333,-0.01984,-0.00592,-0.99927
2045,0.04163,-0.02313,-0.00421,-0.99890
2055,0.04877,-0.02435,-0.00226,-0.99854
2065,0.05573,-0.02325,-0.00012,-0.99823
2075,0.06323,-0.02063,0.00201,-0.99780
2085,0.07141,-0.01727,0.00397,-0.99731
2095,0.08002,-0.01416,0.00488,-0.99670
2105,0.08881,-0.01184,0.00476,-0.99597
2115,0.09711,-0.01080,0.00415,-0.99524
2125,0.10468,-0.01093,0.00372,-0.99445
2135,0.11157,-0.01202,0.00348,-0.99371
2145,0.11780,-0.01392,0.00281,-0.99298
2155,0.12390,-0.01575,0.00110,-0.99219
2169,0.12988,-0.01703,-0.00128,-0.99139
2179,0.13611,-0.01752,-0.00378,-0.99054
2189,0.14264,-0.01642,-0.00586,-0.98962
2199,0.14984,-0.01367,-0.00763,-0.98859
2209,0.15759,-0.00964,-0.00861,-0.98743
2219,0.16443,-0.00659,-0.00830,-0.98633
2230,0.16986,-0.00464,-0.00836,-0.98547
2240,0.17426,-0.00336,-0.00909,-0.98468
2250,0.17932,-0.00281,-0.01025,-0.98376
2259,0.18500,-0.00305,-0.01117,-0.98267
2267,0.19073,-0.00311,-0.01178,-0.98157
2277,0.19629,-0.00262,-0.01178,-0.98047
2288,0.20166,-0.00195,-0.01160,-0.97943
2297,0.20715,-0.00104,-0.01172,-0.97827
2308,0.21289,-0.00006,-0.01239,-0.97705
2317,0.21924,0.00122,-0.01410,-0.97559
2328,0.22650,0.00281,-0.01685,-0.97388
2338,0.23480,0.00458,-0.02020,-0.97186
2347,0.24371,0.00665,-0.02313,-0.96954
2358,0.25256,0.00928,-0.02454,-0.96722
2369,0.26111,0.01257,-0.02435,-0.96497
2379,0.26947,0.01575,-0.02332,-0.96265
2388,0.27759,0.01807,-0.02222,-0.96033
2398,0.28589,0.01923,-0.02161,-0.95782
2408,0.29437,0.01978,-0.02130,-0.95526
2418,0.30243,0.01990,-0.02155,-0.95276
2429,0.31006,0.02014,-0.02197,-0.95026
2439,0.31744,0.02081,-0.02240,-0.94781
2449,0.32483,0.02216,-0.02271,-0.94525
2459,0.33240,0.02386,-0.02313,-0.94257
2472,0.34021,0.02570,-0.02344,-0.93976
2480,0.34814,0.02783,-0.02350,-0.93677
2489,0.35577,0.02960,-0.02319,-0.93384
2499,0.36261,0.03064,-0.02258,-0.93115
2509,0.36865,0.03070,-0.02203,-0.92883
2519,0.37421,0.03003,-0.02155,-0.92664
2529,0.37946,0.02942,-0.02051,-0.92450
2538,0.38513,0.02960,-0.01880,-0.92224
2548,0.39160,0.03070,-0.01624,-0.91949
2558,0.39935,0.03253,-0.01373,-0.91614
2568,0.40692,0.03351,-0.01184,-0.91278
2578,0.41376,0.03418,-0.01068,-0.90973
2588,0.41980,0.03461,-0.01038,-0.90692
2598,0.42517,0.03467,-0.00989,-0.90442
2608,0.42987,0.03394,-0.00873,-0.90222
2618,0.43433,0.03247,-0.00696,-0.90015
2628,0.43927,0.03033,-0.00464,-0.89783
2638,0.44482,0.02740,-0.00220,-0.89520
2648,0.45111,0.02350,-0.00055,-0.89215
2658,0.45740,0.01825,0.00024,-0.88910
2670,0.46301,0.01202,-0.00018,-0.88629
2680,0.46796,0.00555,-0.00195,-0.88379
2690,0.47253,-0.00049,-0.00446,-0.88129
2700,0.47736,-0.00537,-0.00641,-0.87866
2710,0.48254,-0.00909,-0.00708,-0.87585
2720,0.48743,-0.01251,-0.00659,-0.87305
2730,0.49188,-0.01617,-0.00574,-0.87048
2740,0.49561,-0.02026,-0.00500,-0.86829
2750,0.49884,-0.02429,-0.00409,-0.86639
2760,0.50195,-0.02740,-0.00250,-0.86450
2769,0.50537,-0.02917,-0.00006,-0.86243
2779,0.50928,-0.02942,0.00323,-0.86011
2788,0.51379,-0.02863,0.00696,-0.85742
2798,0.51868,-0.02710,0.01044,-0.85449
2809,0.52368,-0.02496,0.01331,-0.85144
2819,0.52863,-0.02234,0.01556,-0.84845
2829,0.53351,-0.01941,0.01752,-0.84540
2839,0.53821,-0.01624,0.02002,-0.84247
2849,0.54285,-0.01300,0.02289,-0.83942
2859,0.54761,-0.00989,0.02551,-0.83630
2869,0.55243,-0.00708,0.02740,-0.83307
2879,0.55719,-0.00464,0.02869,-0.82990
2889,0.56189,-0.00226,0.02911,-0.82672
2899,0.56641,0.00018,0.02881,-0.82361
2909,0.57086,0.00305,0.02820,-0.82056
2919,0.57538,0.00647,0.02740,-0.81738
2929,0.57996,0.01038,0.02606,-0.81421
2939,0.58453,0.01447,0.02411,-0.81085
2949,0.58905,0.01819,0.02191,-0.80756
2959,0.59338,0.02142,0.01959,-0.80444
2968,0.59717,0.02362,0.01764,-0.80157
2978,0.60046,0.02454,0.01593,-0.79913
2988,0.60358,0.02466,0.01416,-0.79681
2998,0.60687,0.02417,0.01221,-0.79431
3009,0.61047,0.02344,0.00958,-0.79163
3018,0.61432,0.02264,0.00659,-0.78870
3028,0.61829,0.02191,0.00378,-0.78564
3038,0.62219,0.02148,0.00159,-0.78259
3048,0.62585,0.02136,0.00000,-0.77966
3058,0.62927,0.02142,-0.00128,-0.77686
3068,0.63245,0.02148,-0.00256,-0.77429
3079,0.63531,0.02161,-0.00391,-0.77191
3088,0.63806,0.02173,-0.00562,-0.76965
3098,0.64062,0.02191,-0.00830,-0.76752
3108,0.64307,0.02203,-0.01190,-0.76538
3118,0.64575,0.02167,-0.01526,-0.76306
3129,0.64911,0.02106,-0.01764,-0.76019
3138,0.65314,0.02014,-0.01910,-0.75671
3149,0.65771,0.01904,-0.01996,-0.75275
3158,0.66254,0.01727,-0.01965,-0.74860
3169,0.66736,0.01495,-0.01837,-0.74432
3180,0.67218,0.01276,-0.01685,-0.74005
3190,0.67731,0.01093,-0.01544,-0.73547
3201,0.68262,0.00952,-0.01410,-0.73059
3211,0.68768,0.00873,-0.01239,-0.72583
3220,0.69257,0.00885,-0.00989,-0.72125
3230,0.69769,0.00940,-0.00604,-0.71631
3240,0.70276,0.00891,-0.00018,-0.71136
3250,0.70758,0.00891,0.00604,-0.70654
3260,0.71234,0.00952,0.01154,-0.70172
3268,0.71704,0.01074,0.01581,-0.69678
3276,0.72217,0.01257,0.01868,-0.69135
3286,0.72888,0.01477,0.01971,-0.68420
3296,0.73767,0.01636,0.01923,-0.67468
3306,0.74725,0.01593,0.01855,-0.66406
3316,0.75574,0.01324,0.01794,-0.65448
3326,0.76154,0.00946,0.01678,-0.64783
3336,0.76471,0.00616,0.01428,-0.64417
3346,0.76685,0.00385,0.01019,-0.64178
3356,0.76935,0.00238,0.00519,-0.63879
3366,0.77325,0.00140,-0.00006,-0.63409
3376,0.77826,0.00000,-0.00488,-0.62793
3386,0.78314,-0.00244,-0.00830,-0.62177
3396,0.78723,-0.00482,-0.00989,-0.61658
3406,0.79065,-0.00604,-0.01038,-0.61218
3416,0.79370,-0.00598,-0.01025,-0.60815
3426,0.79675,-0.00476,-0.00977,-0.60419
3436,0.79999,-0.00269,-0.00885,-0.59998
3446,0.80353,-0.00049,-0.00775,-0.59515
3456,0.80750,0.00116,-0.00635,-0.58984
3466,0.81189,0.00256,-0.00464,-0.58374
3476,0.81696,0.00403,-0.00281,-0.57672
3486,0.82288,0.00562,-0.00055,-0.56818
3496,0.82953,0.00684,0.00250,-0.55841
3506,0.83606,0.00702,0.00690,-0.54852
3516,0.84186,0.00696,0.01208,-0.53949
3526,0.84662,0.00702,0.01703,-0.53192
3536,0.85046,0.00781,0.02094,-0.52551
3546,0.85431,0.00940,0.02325,-0.51917
3557,0.85876,0.01154,0.02405,-0.51160
3566,0.86438,0.01367,0.02393,-0.50208
3576,0.87103,0.01514,0.02393,-0.49036
3587,0.87793,0.01514,0.02472,-0.47784
3597,0.88403,0.01361,0.02704,-0.46643
3606,0.88898,0.01172,0.03064,-0.45679
3616,0.89301,0.01068,0.03448,-0.44855
3626,0.89673,0.01062,0.03784,-0.44086
3636,0.90051,0.01147,0.04041,-0.43274
3647,0.90460,0.01312,0.04242,-0.42395
3656,0.90887,0.01532,0.04407,-0.41437
3666,0.91321,0.01776,0.04572,-0.40442
3677,0.91711,0.02026,0.04749,-0.39526
3686,0.91998,0.02289,0.04999,-0.38800
3696,0.92194,0.02557,0.05334,-0.38269
3706,0.92346,0.02704,0.05731,-0.37842
3717,0.92535,0.02686,0.06036,-0.37317
3727,0.92822,0.02588,0.06085,-0.36597
3736,0.93182,0.02460,0.05908,-0.35706
3746,0.93591,0.02338,0.05640,-0.34686
3757,0.94012,0.02246,0.05402,-0.33569
3766,0.94434,0.02136,0.05286,-0.32391
3777,0.94812,0.01929,0.05341,-0.31268
3787,0.95123,0.01678,0.05585,-0.30292
3797,0.95367,0.01477,0.05933,-0.29443
3807,0.95569,0.01324,0.06250,-0.28729
3817,0.95740,0.01257,0.06458,-0.28107
3827,0.95917,0.01306,0.06531,-0.27484
3837,0.96112,0.01398,0.06500,-0.26788
3847,0.96356,0.01447,0.06409,-0.25928
3857,0.96643,0.01440,0.06268,-0.24878
3867,0.96954,0.01398,0.06128,-0.23663
3877,0.97266,0.01300,0.06073,-0.22369
3887,0.97546,0.01111,0.06128,-0.21100
3897,0.97766,0.00800,0.06311,-0.20013
3906,0.97931,0.00476,0.06549,-0.19116
3917,0.98071,0.00250,0.06732,-0.18323
3926,0.98206,0.00098,0.06787,-0.17566
3937,0.98352,-0.00006,0.06738,-0.16760
3947,0.98505,-0.00085,0.06616,-0.15881
3956,0.98663,-0.00159,0.06488,-0.14923
3967,0.98816,-0.00256,0.06421,-0.13892
3981,0.98962,-0.00415,0.06427,-0.12836
3990,0.99084,-0.00592,0.06512,-0.11804
4001,0.99188,-0.00745,0.06647,-0.10791
4011,0.99280,-0.00909,0.06775,-0.09821
4021,0.99353,-0.01099,0.06873,-0.08917
4031,0.99414,-0.01288,0.06934,-0.08124
4041,0.99469,-0.01459,0.06940,-0.07422
4050,0.99518,-0.01587,0.06909,-0.06757
4060,0.99561,-0.01678,0.06860,-0.06110
4070,0.99597,-0.01733,0.06836,-0.05444
4079,0.99634,-0.01770,0.06836,-0.04736
4089,0.99664,-0.01819,0.06836,-0.03998
4099,0.99695,-0.01874,0.06830,-0.03241
4109,0.99713,-0.01935,0.06812,-0.02484
4119,0.99731,-0.02026,0.06799,-0.01770
4129,0.99738,-0.02124,0.06805,-0.01111
4139,0.99738,-0.02203,0.06818,-0.00464
4149,0.99738,-0.02295,0.06824,0.00183
4159,0.99731,-0.02393,0.06836,0.00885
4169,0.99719,-0.02509,0.06830,0.01611
4179,0.99701,-0.02637,0.06824,0.02319
4189,0.99683,-0.02710,0.06854,0.02979
4200,0.99658,-0.02698,0.06909,0.03589
4211,0.99634,-0.02631,0.06976,0.04156
4219,0.99603,-0.02496,0.07050,0.04706
4230,0.99579,-0.02319,0.07123,0.05255
4239,0.99542,-0.02155,0.07227,0.05823
4249,0.99500,-0.02020,0.07336,0.06427
4259,0.99451,-0.01917,0.07440,0.07080
4269,0.99390,-0.01813,0.07520,0.07800
4280,0.99323,-0.01746,0.07550,0.08618
4290,0.99243,-0.01746,0.07550,0.09473
4300,0.99164,-0.01837,0.07520,0.10309
4310,0.99072,-0.01990,0.07501,0.11127
4320,0.98975,-0.02155,0.07483,0.11945
4330,0.98877,-0.02325,0.07397,0.12762
4340,0.98785,-0.02509,0.07214,0.13519
4350,0.98706,-0.02631,0.06958,0.14172
4360,0.98651,-0.02625,0.06622,0.14734
4370,0.98608,-0.02478,0.06213,0.15210
4382,0.98572,-0.02228,0.05750,0.15631
4391,0.98541,-0.01910,0.05249,0.16040
4401,0.98511,-0.01520,0.04730,0.16449
4411,0.98468,-0.01123,0.04187,0.16870
4421,0.98407,-0.00757,0.03687,0.17358
4431,0.98315,-0.00439,0.03357,0.17950
4442,0.98193,-0.00214,0.03168,0.18640
4452,0.98047,-0.00085,0.03082,0.19415
4462,0.97882,-0.00098,0.03076,0.20227
4472,0.97717,-0.00269,0.03162,0.21002
4480,0.97565,-0.00458,0.03247,0.21667
4490,0.97443,-0.00592,0.03241,0.22223
4499,0.97333,-0.00671,0.03168,0.22693
4509,0.97241,-0.00690,0.03009,0.23108
4519,0.97150,-0.00659,0.02734,0.23517
4530,0.97058,-0.00665,0.02350,0.23950
4539,0.96948,-0.00732,0.01910,0.24420
4550,0.96826,-0.00867,0.01434,0.24927
4560,0.96698,-0.00983,0.00977,0.25433
4569,0.96570,-0.01062,0.00610,0.25928
4580,0.96436,-0.01166,0.00348,0.26410
4590,0.96307,-0.01245,0.00183,0.26880
4599,0.96173,-0.01337,0.00055,0.27362
4610,0.96027,-0.01465,-0.00067,0.27850
4620,0.95880,-0.01562,-0.00269,0.28345
4630,0.95734,-0.01636,-0.00592,0.28827
4642,0.95599,-0.01703,-0.00983,0.29266
4650,0.95465,-0.01697,-0.01428,0.29675
4660,0.95337,-0.01624,-0.01917,0.30072
4669,0.95178,-0.01569,-0.02448,0.30536
4683,0.95013,-0.01709,-0.02899,0.31000
4695,0.94861,-0.01904,-0.03192,0.31409
4706,0.94733,-0.02020,-0.03381,0.31763
4716,0.94617,-0.02051,-0.03510,0.32098
4726,0.94501,-0.02039,-0.03619,0.32434
4736,0.94373,-0.01984,-0.03784,0.32788
4747,0.94232,-0.01880,-0.04059,0.33160
4757,0.94080,-0.01752,-0.04419,0.33557
4767,0.93903,-0.01685,-0.04871,0.33990
4778,0.93707,-0.01678,-0.05383,0.34448
4785,0.93524,-0.01770,-0.05804,0.34875
4793,0.93365,-0.01990,-0.06042,0.35236
4800,0.93243,-0.02246,-0.06091,0.35541
4810,0.93115,-0.02490,-0.06042,0.35858
4820,0.92975,-0.02740,-0.05951,0.36218
4830,0.92816,-0.02979,-0.05878,0.36627
4840,0.92651,-0.03143,-0.05853,0.37024
4850,0.92499,-0.03168,-0.05798,0.37408
4860,0.92346,-0.03107,-0.05676,0.37805
4870,0.92200,-0.03003,-0.05542,0.38190
4880,0.92072,-0.02899,-0.05420,0.38531
4891,0.91943,-0.02814,-0.05310,0.38861
4901,0.91815,-0.02783,-0.05212,0.39172
4912,0.91675,-0.02832,-0.05072,0.39520
4920,0.91504,-0.02924,-0.04883,0.39917
4930,0.91333,-0.02979,-0.04675,0.40332
4940,0.91174,-0.02917,-0.04468,0.40723
4957,0.91034,-0.02765,-0.04266,0.41071
4965,0.90906,-0.02631,-0.04077,0.41370
4973,0.90790,-0.02521,-0.03882,0.41650
4981,0.90637,-0.02386,-0.03687,0.42004
4990,0.90417,-0.02258,-0.03583,0.42499
5000,0.90137,-0.02136,-0.03613,0.43097
5010,0.89819,-0.02008,-0.03778,0.43738
5020,0.89502,-0.01904,-0.04010,0.44373
5030,0.89191,-0.01855,-0.04236,0.44977
5040,0.88898,-0.01941,-0.04388,0.45538
5050,0.88611,-0.02191,-0.04413,0.46069
5060,0.88354,-0.02563,-0.04407,0.46545
5070,0.88147,-0.02881,-0.04480,0.46912
5080,0.87982,-0.03015,-0.04614,0.47198
5091,0.87842,-0.02979,-0.04724,0.47449
5101,0.87708,-0.02869,-0.04724,0.47711
5111,0.87549,-0.02759,-0.04620,0.48016
5121,0.87378,-0.02747,-0.04492,0.48340
5131,0.87189,-0.02832,-0.04388,0.48682
5141,0.86987,-0.02997,-0.04321,0.49036
5151,0.86780,-0.03217,-0.04254,0.49396
5161,0.86554,-0.03467,-0.04163,0.49780
5170,0.86334,-0.03723,-0.04071,0.50159
5181,0.86115,-0.03955,-0.04016,0.50513
5191,0.85913,-0.04181,-0.04016,0.50842
5201,0.85706,-0.04401,-0.04065,0.51160
5211,0.85486,-0.04590,-0.04138,0.51508
5221,0.85236,-0.04761,-0.04187,0.51898
5231,0.84967,-0.04895,-0.04187,0.52332
5241,0.84680,-0.04956,-0.04156,0.52783
5251,0.84393,-0.04968,-0.04102,0.53247
5261,0.84094,-0.04932,-0.04034,0.53729
5271,0.83783,-0.04834,-0.03967,0.54230
5281,0.83466,-0.04736,-0.03931,0.54730
5291,0.83142,-0.04681,-0.03949,0.55212
5301,0.82843,-0.04694,-0.04041,0.55658
5311,0.82562,-0.04767,-0.04169,0.56055
5321,0.82300,-0.04871,-0.04309,0.56421
5331,0.82043,-0.04938,-0.04456,0.56781
5341,0.81763,-0.04956,-0.04578,0.57172
5351,0.81464,-0.04974,-0.04688,0.57581
5361,0.81152,-0.04968,-0.04779,0.58014
5371,0.80835,-0.04907,-0.04846,0.58453
5381,0.80524,-0.04779,-0.04834,0.58893
5391,0.80225,-0.04553,-0.04742,0.59332
5401,0.79956,-0.04230,-0.04596,0.59723
5411,0.79736,-0.03839,-0.04388,0.60059
5421,0.79565,-0.03345,-0.04163,0.60333
5431,0.79437,-0.02795,-0.03961,0.60547
5441,0.79346,-0.02301,-0.03748,0.60699
5451,0.79285,-0.01923,-0.03516,0.60797
5461,0.79260,-0.01685,-0.03278,0.60852
5471,0.79260,-0.01624,-0.03070,0.60870
5482,0.79266,-0.01703,-0.02893,0.60864
5491,0.79266,-0.01868,-0.02747,0.60870
5501,0.79254,-0.02008,-0.02606,0.60883
5512,0.79236,-0.01971,-0.02460,0.60919
5522,0.79199,-0.01837,-0.02319,0.60980
5532,0.79132,-0.01709,-0.02167,0.61066
5541,0.79059,-0.01556,-0.02026,0.61176
5551,0.78955,-0.01343,-0.02014,0.61316
5561,0.78784,-0.01056,-0.02203,0.61530
5571,0.78571,-0.00708,-0.02502,0.61798
5581,0.78369,-0.00366,-0.02771,0.62048
5592,0.78210,-0.00073,-0.02954,0.62244
5601,0.78082,0.00153,-0.03076,0.62396
5611,0.77972,0.00275,-0.03168,0.62524
5621,0.77911,0.00250,-0.03198,0.62598
5631,0.77887,0.00073,-0.03119,0.62634
5641,0.77875,-0.00208,-0.03009,0.62653
5651,0.77869,-0.00513,-0.02936,0.62665
5661,0.77838,-0.00793,-0.02917,0.62695
5671,0.77777,-0.01007,-0.02930,0.62769
5681,0.77673,-0.01135,-0.02966,0.62891
5692,0.77521,-0.01154,-0.03088,0.63080
5701,0.77325,-0.01147,-0.03296,0.63306
5711,0.77136,-0.01172,-0.03497,0.63525
5721,0.76959,-0.01208,-0.03632,0.63733
5732,0.76794,-0.01263,-0.03680,0.63922
5742,0.76648,-0.01349,-0.03717,0.64099
5751,0.76514,-0.01483,-0.03778,0.64252
5761,0.76410,-0.01654,-0.03815,0.64368
5771,0.76318,-0.01819,-0.03748,0.64478
5781,0.76202,-0.01953,-0.03601,0.64624
5793,0.76056,-0.02026,-0.03448,0.64795
5803,0.75897,-0.02045,-0.03314,0.64990
5813,0.75720,-0.02075,-0.03223,0.65198
5822,0.75549,-0.02197,-0.03180,0.65393
5832,0.75397,-0.02454,-0.03259,0.65564
5843,0.75293,-0.02814,-0.03406,0.65656
5853,0.75220,-0.03235,-0.03510,0.65710
5863,0.75146,-0.03625,-0.03516,0.65784
5873,0.75055,-0.03918,-0.03430,0.65869
5883,0.74963,-0.04071,-0.03278,0.65973
5892,0.74854,-0.04108,-0.03107,0.66101
5900,0.74738,-0.04065,-0.02948,0.66248
5911,0.74634,-0.04010,-0.02863,0.66370
5921,0.74561,-0.03967,-0.02844,0.66455
5930,0.74500,-0.03949,-0.02869,0.66522
5941,0.74426,-0.03998,-0.02917,0.66595
5951,0.74359,-0.04126,-0.03021,0.66663
5961,0.74316,-0.04309,-0.03174,0.66693
5971,0.74304,-0.04510,-0.03326,0.66687
5981,0.74286,-0.04700,-0.03455,0.66681
5990,0.74268,-0.04828,-0.03552,0.66693
6001,0.74225,-0.04883,-0.03619,0.66730
6010,0.74176,-0.04871,-0.03668,0.66779
6021,0.74146,-0.04877,-0.03717,0.66815
6031,0.74121,-0.04919,-0.03754,0.66833
6041,0.74109,-0.04987,-0.03802,0.66840
6051,0.74097,-0.05017,-0.03809,0.66852
6061,0.74066,-0.04962,-0.03802,0.66888
6071,0.74042,-0.04846,-0.03796,0.66925
6081,0.74023,-0.04700,-0.03784,0.66956
6092,0.74017,-0.04572,-0.03778,0.66974
6101,0.74011,-0.04480,-0.03778,0.66986
6112,0.73999,-0.04449,-0.03796,0.66998
6122,0.73981,-0.04474,-0.03845,0.67017
6132,0.73950,-0.04535,-0.03912,0.67041
6142,0.73920,-0.04578,-0.03986,0.67065
6151,0.73883,-0.04614,-0.04053,0.67102
6161,0.73828,-0.04639,-0.04108,0.67157
6172,0.73792,-0.04669,-0.04169,0.67194
6182,0.73767,-0.04706,-0.04236,0.67212
6193,0.73749,-0.04736,-0.04340,0.67224
6204,0.73743,-0.04742,-0.04492,0.67218
6214,0.73749,-0.04700,-0.04620,0.67206
6225,0.73737,-0.04633,-0.04669,0.67224
6235,0.73706,-0.04590,-0.04663,0.67255
6245,0.73682,-0.04596,-0.04608,0.67291
6256,0.73651,-0.04639,-0.04535,0.67328
6266,0.73627,-0.04706,-0.04498,0.67352
6277,0.73615,-0.04773,-0.04498,0.67358
6287,0.73602,-0.04846,-0.04523,0.67365
6295,0.73590,-0.04907,-0.04559,0.67371
6302,0.73578,-0.04950,-0.04578,0.67377
6311,0.73566,-0.04993,-0.04584,0.67395
6321,0.73553,-0.05017,-0.04584,0.67401
6331,0.73572,-0.05011,-0.04584,0.67383
6341,0.73615,-0.04987,-0.04541,0.67340
6351,0.73651,-0.04950,-0.04486,0.67310
6361,0.73676,-0.04932,-0.04468,0.67285
6371,0.73682,-0.04938,-0.04456,0.67273
6381,0.73694,-0.04999,-0.04443,0.67261
6391,0.73724,-0.05060,-0.04596,0.67206
6402,0.73730,-0.04779,-0.04895,0.67200
6414,0.73755,-0.04553,-0.05121,0.67175
6422,0.73785,-0.04376,-0.05322,0.67139
6432,0.73798,-0.04224,-0.05536,0.67120
6442,0.73798,-0.04163,-0.05725,0.67108
6452,0.73779,-0.04120,-0.05853,0.67120
6462,0.73761,-0.04065,-0.05908,0.67139
6472,0.73749,-0.04010,-0.05896,0.67151
6482,0.73749,-0.03937,-0.05878,0.67157
6492,0.73761,-0.03876,-0.05865,0.67151
6503,0.73767,-0.03809,-0.05859,0.67145
6513,0.73773,-0.03748,-0.05859,0.67145
6523,0.73767,-0.03699,-0.05865,0.67151
6534,0.73755,-0.03668,-0.05896,0.67163
6544,0.73749,-0.03650,-0.05927,0.67169
6554,0.73737,-0.03625,-0.05951,0.67181
6563,0.73718,-0.03571,-0.05981,0.67206
6574,0.73700,-0.03528,-0.05975,0.67224
6583,0.73688,-0.03516,-0.05896,0.67242
6593,0.73688,-0.03534,-0.05792,0.67255
6601,0.73694,-0.03564,-0.05652,0.67261
6612,0.73712,-0.03613,-0.05493,0.67249
6622,0.73724,-0.03662,-0.05334,0.67249
6631,0.73724,-0.03717,-0.05194,0.67255
6641,0.73718,-0.03778,-0.05096,0.67267
6652,0.73706,-0.03821,-0.05035,0.67285
6661,0.73694,-0.03845,-0.04987,0.67297
6672,0.73676,-0.03851,-0.04950,0.67316
6681,0.73663,-0.03839,-0.04907,0.67334
6692,0.73651,-0.03833,-0.04889,0.67352
6702,0.73633,-0.03815,-0.04889,0.67371
6713,0.73627,-0.03809,-0.04907,0.67377
6722,0.73627,-0.03790,-0.04895,0.67377
6732,0.73639,-0.03790,-0.04871,0.67365
6742,0.73669,-0.03802,-0.04822,0.67340
6752,0.73694,-0.03845,-0.04785,0.67310
6762,0.73724,-0.03894,-0.04773,0.67273
6772,0.73755,-0.03925,-0.04779,0.67236
6783,0.73773,-0.03931,-0.04779,0.67218
6792,0.73779,-0.03931,-0.04797,0.67212
6803,0.73779,-0.03937,-0.04810,0.67212
6813,0.73773,-0.03937,-0.04828,0.67218
6823,0.73761,-0.03925,-0.04846,0.67224
6832,0.73749,-0.03912,-0.04871,0.67236
6842,0.73743,-0.03876,-0.04877,0.67249
6852,0.73749,-0.03821,-0.04877,0.67242
6862,0.73761,-0.03741,-0.04846,0.67236
6872,0.73767,-0.03674,-0.04803,0.67236
6883,0.73779,-0.03632,-0.04767,0.67230
6893,0.73779,-0.03601,-0.04736,0.67236
6903,0.73792,-0.03595,-0.04724,0.67224
6913,0.73792,-0.03589,-0.04675,0.67230
6923,0.73779,-0.03632,-0.04639,0.67236
6933,0.73773,-0.03680,-0.04620,0.67242
6943,0.73761,-0.03729,-0.04614,0.67261
6952,0.73743,-0.03748,-0.04608,0.67273
6962,0.73737,-0.03705,-0.04590,0.67285
6972,0.73730,-0.03619,-0.04547,0.67297
6983,0.73712,-0.03516,-0.04504,0.67328
6993,0.73688,-0.03394,-0.04498,0.67365
7003,0.73651,-0.03302,-0.04510,0.67401
7013,0.73621,-0.03247,-0.04553,0.67438
7023,0.73602,-0.03223,-0.04590,0.67456
7034,0.73590,-0.03204,-0.04602,0.67474
7044,0.73578,-0.03180,-0.04596,0.67487
7054,0.73566,-0.03143,-0.04565,0.67499
7065,0.73553,-0.03119,-0.04517,0.67523
7074,0.73535,-0.03094,-0.04468,0.67542
7084,0.73523,-0.03088,-0.04413,0.67560
7094,0.73505,-0.03070,-0.04352,0.67584
7103,0.73492,-0.02979,-0.04254,0.67609
7113,0.73486,-0.02905,-0.04150,0.67627
7123,0.73474,-0.02875,-0.04065,0.67645
