time,qw,qx,qy,qz
5,0.74213,-0.04791,0.01538,0.66833
10,0.74213,-0.04767,0.01550,0.66833
15,0.74213,-0.04767,0.01593,0.66833
19,0.74213,-0.04779,0.01654,0.66827
24,0.74213,-0.04791,0.01703,0.66821
29,0.74213,-0.04810,0.01746,0.66821
34,0.74219,-0.04828,0.01782,0.66815
39,0.74219,-0.04840,0.01825,0.66809
44,0.74219,-0.04846,0.01862,0.66809
50,0.74219,-0.04846,0.01880,0.66809
55,0.74213,-0.04840,0.01874,0.66815
59,0.74207,-0.04822,0.01831,0.66827
64,0.74194,-0.04803,0.01758,0.66846
69,0.74182,-0.04773,0.01648,0.66858
74,0.74176,-0.04736,0.01526,0.66870
79,0.74176,-0.04675,0.01398,0.66882
84,0.74176,-0.04602,0.01263,0.66895
88,0.74176,-0.04498,0.01141,0.66895
95,0.74188,-0.04425,0.01001,0.66895
100,0.74207,-0.04309,0.00726,0.66882
105,0.74255,-0.04248,0.00482,0.66833
109,0.74231,-0.04114,0.00513,0.66870
114,0.74213,-0.04175,0.00525,0.66882
119,0.74213,-0.04126,0.00507,0.66888
124,0.74207,-0.04089,0.00360,0.66901
129,0.74213,-0.04120,0.00421,0.66895
134,0.74213,-0.04132,0.00464,0.66895
139,0.74207,-0.04108,0.00372,0.66901
143,0.74207,-0.04114,0.00366,0.66901
148,0.74207,-0.04114,0.00372,0.66901
153,0.74207,-0.04095,0.00342,0.66901
162,0.74207,-0.04095,0.00342,0.66901
172,0.74207,-0.04083,0.00342,0.66907
183,0.74200,-0.04077,0.00330,0.66907
193,0.74200,-0.04071,0.00330,0.66907
202,0.74200,-0.04065,0.00323,0.66907
213,0.74200,-0.04059,0.00317,0.66913
222,0.74200,-0.04059,0.00311,0.66913
233,0.74200,-0.04053,0.00311,0.66913
242,0.74194,-0.04047,0.00311,0.66913
253,0.74194,-0.04041,0.00311,0.66913
262,0.74194,-0.04028,0.00317,0.66919
273,0.74194,-0.04016,0.00317,0.66919
282,0.74194,-0.04010,0.00317,0.66919
292,0.74194,-0.03998,0.00317,0.66919
303,0.74194,-0.03992,0.00317,0.66919
312,0.74194,-0.03992,0.00311,0.66919
323,0.74194,-0.03986,0.00311,0.66919
332,0.74194,-0.03986,0.00311,0.66925
343,0.74194,-0.03979,0.00305,0.66925
353,0.74188,-0.03979,0.00305,0.66925
363,0.74188,-0.03973,0.00299,0.66925
373,0.74188,-0.03973,0.00299,0.66925
383,0.74188,-0.03967,0.00299,0.66931
392,0.74188,-0.03961,0.00299,0.66931
403,0.74188,-0.03961,0.00299,0.66931
412,0.74188,-0.03955,0.00299,0.66931
423,0.74188,-0.03949,0.00299,0.66931
432,0.74188,-0.03949,0.00299,0.66931
442,0.74188,-0.03949,0.00299,0.66931
453,0.74188,-0.03943,0.00299,0.66931
462,0.74188,-0.03937,0.00299,0.66931
473,0.74182,-0.03925,0.00305,0.66937
483,0.74182,-0.03918,0.00305,0.66937
493,0.74182,-0.03906,0.00311,0.66937
503,0.74182,-0.03900,0.00311,0.66937
512,0.74182,-0.03900,0.00311,0.66937
523,0.74182,-0.03900,0.00305,0.66943
533,0.74176,-0.03906,0.00293,0.66943
543,0.74176,-0.03912,0.00287,0.66943
553,0.74176,-0.03912,0.00275,0.66949
563,0.74170,-0.03918,0.00275,0.66949
573,0.74170,-0.03931,0.00269,0.66956
583,0.74164,-0.03937,0.00262,0.66956
593,0.74164,-0.03949,0.00256,0.66956
602,0.74158,-0.03967,0.00250,0.66962
613,0.74158,-0.03992,0.00244,0.66962
623,0.74158,-0.04010,0.00238,0.66962
633,0.74158,-0.04028,0.00232,0.66962
643,0.74158,-0.04053,0.00226,0.66962
656,0.74152,-0.04065,0.00226,0.66962
668,0.74152,-0.04083,0.00238,0.66962
678,0.74152,-0.04108,0.00250,0.66962
688,0.74146,-0.04126,0.00269,0.66968
698,0.74139,-0.04138,0.00287,0.66968
708,0.74133,-0.04138,0.00317,0.66974
718,0.74133,-0.04083,0.00409,0.66986
729,0.74133,-0.03943,0.00482,0.66986
739,0.74127,-0.03912,0.00476,0.66998
749,0.74121,-0.03967,0.00494,0.67004
759,0.74121,-0.03967,0.00568,0.66998
770,0.74121,-0.03937,0.00580,0.66998
780,0.74121,-0.03937,0.00586,0.66998
790,0.74127,-0.03967,0.00616,0.66998
800,0.74127,-0.03998,0.00629,0.66992
810,0.74127,-0.03998,0.00635,0.66992
821,0.74127,-0.04010,0.00653,0.66992
831,0.74127,-0.04028,0.00659,0.66992
841,0.74127,-0.04034,0.00671,0.66992
851,0.74127,-0.04034,0.00684,0.66992
861,0.74127,-0.04041,0.00690,0.66986
871,0.74127,-0.04065,0.00702,0.66986
882,0.74127,-0.04089,0.00714,0.66986
895,0.74133,-0.04108,0.00726,0.66980
905,0.74133,-0.04132,0.00739,0.66980
916,0.74133,-0.04150,0.00745,0.66974
926,0.74133,-0.04175,0.00751,0.66974
936,0.74133,-0.04193,0.00757,0.66974
946,0.74133,-0.04211,0.00763,0.66974
957,0.74133,-0.04218,0.00763,0.66974
966,0.74133,-0.04224,0.00769,0.66974
975,0.74133,-0.04230,0.00769,0.66974
984,0.74133,-0.04236,0.00769,0.66974
993,0.74133,-0.04236,0.00769,0.66974
1002,0.74127,-0.04242,0.00769,0.66974
1011,0.74127,-0.04242,0.00775,0.66974
1020,0.74127,-0.04248,0.00775,0.66974
1028,0.74127,-0.04248,0.00775,0.66974
1037,0.74127,-0.04248,0.00775,0.66974
1047,0.74127,-0.04254,0.00775,0.66974
1057,0.74127,-0.04254,0.00775,0.66974
1068,0.74127,-0.04254,0.00775,0.66974
1079,0.74127,-0.04260,0.00781,0.66974
1089,0.74127,-0.04260,0.00781,0.66974
1099,0.74127,-0.04260,0.00781,0.66974
1109,0.74127,-0.04266,0.00781,0.66974
1119,0.74127,-0.04266,0.00781,0.66968
1129,0.74133,-0.04266,0.00781,0.66968
1140,0.74133,-0.04260,0.00787,0.66968
1150,0.74133,-0.04260,0.00793,0.66968
1160,0.74133,-0.04254,0.00793,0.66968
1170,0.74133,-0.04254,0.00793,0.66968
1181,0.74133,-0.04254,0.00793,0.66968
1191,0.74133,-0.04260,0.00793,0.66968
1201,0.74133,-0.04266,0.00787,0.66968
1211,0.74127,-0.04272,0.00787,0.66968
1221,0.74127,-0.04266,0.00787,0.66974
1232,0.74127,-0.04266,0.00787,0.66974
1242,0.74127,-0.04272,0.00787,0.66968
1252,0.74127,-0.04272,0.00787,0.66968
1262,0.74127,-0.04272,0.00787,0.66968
1272,0.74127,-0.04272,0.00787,0.66968
1282,0.74127,-0.04272,0.00787,0.66968
1293,0.74127,-0.04272,0.00787,0.66968
1303,0.74127,-0.04279,0.00787,0.66968
1313,0.74127,-0.04279,0.00787,0.66968
1323,0.74127,-0.04279,0.00787,0.66974
1333,0.74127,-0.04279,0.00787,0.66974
1344,0.74127,-0.04279,0.00787,0.66974
1354,0.74127,-0.04279,0.00787,0.66974
1364,0.74127,-0.04279,0.00787,0.66974
1374,0.74127,-0.04279,0.00787,0.66974
1385,0.74127,-0.04279,0.00787,0.66974
1395,0.74127,-0.04279,0.00787,0.66974
1405,0.74127,-0.04285,0.00787,0.66974
1415,0.74127,-0.04285,0.00787,0.66974
1425,0.74127,-0.04285,0.00787,0.66974
1435,0.74127,-0.04285,0.00787,0.66974
1446,0.74127,-0.04285,0.00787,0.66974
1456,0.74127,-0.04285,0.00787,0.66974
1466,0.74127,-0.04285,0.00787,0.66974
1476,0.74127,-0.04285,0.00787,0.66974
1487,0.74127,-0.04285,0.00787,0.66974
1497,0.74127,-0.04285,0.00793,0.66974
1507,0.74127,-0.04285,0.00787,0.66974
1518,0.74127,-0.04285,0.00787,0.66974
1528,0.74127,-0.04285,0.00787,0.66974
1538,0.74127,-0.04285,0.00787,0.66974
1548,0.74127,-0.04285,0.00787,0.66974
1558,0.74127,-0.04285,0.00787,0.66974
1568,0.74127,-0.04285,0.00787,0.66974
1579,0.74127,-0.04285,0.00787,0.66974
1589,0.74127,-0.04285,0.00787,0.66974
1600,0.74127,-0.04285,0.00787,0.66974
1610,0.74127,-0.04297,0.00781,0.66974
1620,0.74127,-0.04340,0.00763,0.66968
1630,0.74133,-0.04425,0.00726,0.66956
1641,0.74146,-0.04498,0.00708,0.66937
1651,0.74152,-0.04535,0.00702,0.66931
1661,0.74152,-0.04565,0.00696,0.66925
1671,0.74152,-0.04565,0.00702,0.66925
1681,0.74152,-0.04535,0.00726,0.66931
1694,0.74146,-0.04443,0.00757,0.66943
1705,0.74139,-0.04327,0.00781,0.66956
1715,0.74139,-0.04315,0.00787,0.66956
1725,0.74139,-0.04376,0.00775,0.66956
1735,0.74139,-0.04370,0.00775,0.66956
1746,0.74139,-0.04327,0.00781,0.66956
1756,0.74139,-0.04340,0.00781,0.66956
1766,0.74133,-0.04364,0.00775,0.66956
1776,0.74139,-0.04346,0.00781,0.66956
1785,0.74139,-0.04333,0.00781,0.66956
1794,0.74139,-0.04352,0.00781,0.66956
1802,0.74133,-0.04352,0.00781,0.66956
1811,0.74139,-0.04340,0.00781,0.66962
1820,0.74139,-0.04346,0.00781,0.66962
1829,0.74133,-0.04352,0.00781,0.66956
1838,0.74139,-0.04346,0.00781,0.66962
1847,0.74133,-0.04340,0.00781,0.66962
1856,0.74133,-0.04346,0.00781,0.66962
1865,0.74133,-0.04346,0.00781,0.66962
1874,0.74133,-0.04340,0.00781,0.66962
1884,0.74133,-0.04346,0.00781,0.66962
1895,0.74133,-0.04346,0.00781,0.66962
1905,0.74133,-0.04340,0.00781,0.66962
1915,0.74133,-0.04340,0.00781,0.66962
1925,0.74133,-0.04346,0.00781,0.66962
1935,0.74133,-0.04340,0.00781,0.66962
1946,0.74133,-0.04340,0.00781,0.66962
1956,0.74133,-0.04346,0.00775,0.66962
1966,0.74133,-0.04352,0.00769,0.66962
1976,0.74133,-0.04352,0.00763,0.66962
1987,0.74133,-0.04358,0.00757,0.66962
1997,0.74133,-0.04364,0.00757,0.66962
2007,0.74133,-0.04364,0.00751,0.66962
2018,0.74133,-0.04364,0.00745,0.66962
2028,0.74133,-0.04364,0.00751,0.66962
2038,0.74133,-0.04376,0.00739,0.66962
2048,0.74127,-0.04395,0.00732,0.66962
2058,0.74127,-0.04407,0.00732,0.66968
2069,0.74127,-0.04419,0.00732,0.66968
2078,0.74127,-0.04419,0.00732,0.66968
2086,0.74127,-0.04425,0.00732,0.66968
2095,0.74127,-0.04419,0.00739,0.66968
2104,0.74127,-0.04413,0.00745,0.66968
2113,0.74127,-0.04401,0.00745,0.66968
2122,0.74127,-0.04401,0.00751,0.66968
2131,0.74121,-0.04395,0.00751,0.66968
2140,0.74121,-0.04395,0.00757,0.66974
2149,0.74115,-0.04388,0.00763,0.66980
2158,0.74109,-0.04388,0.00763,0.66986
2168,0.74103,-0.04388,0.00763,0.66992
2179,0.74097,-0.04395,0.00763,0.67004
2189,0.74084,-0.04401,0.00769,0.67010
2199,0.74084,-0.04395,0.00769,0.67017
2210,0.74084,-0.04382,0.00769,0.67017
2220,0.74084,-0.04370,0.00769,0.67017
2230,0.74084,-0.04364,0.00775,0.67017
2240,0.74084,-0.04364,0.00781,0.67017
2250,0.74084,-0.04352,0.00793,0.67017
2261,0.74084,-0.04346,0.00800,0.67017
2271,0.74084,-0.04327,0.00806,0.67017
2281,0.74084,-0.04309,0.00806,0.67017
2291,0.74084,-0.04285,0.00818,0.67017
2301,0.74084,-0.04248,0.00818,0.67017
2311,0.74091,-0.04224,0.00812,0.67017
2322,0.74091,-0.04205,0.00806,0.67023
2332,0.74084,-0.04187,0.00781,0.67023
2342,0.74078,-0.04175,0.00745,0.67035
2352,0.74060,-0.04114,0.00726,0.67059
2362,0.74011,-0.04004,0.00696,0.67114
2373,0.73969,-0.03857,0.00592,0.67175
2383,0.73969,-0.03638,0.00415,0.67194
2393,0.74011,-0.03400,0.00226,0.67151
2403,0.74097,-0.03210,0.00116,0.67072
2414,0.74182,-0.03076,0.00098,0.66980
2424,0.74243,-0.02966,0.00116,0.66919
2434,0.74268,-0.02875,0.00146,0.66895
2444,0.74268,-0.02802,0.00195,0.66901
2454,0.74249,-0.02753,0.00293,0.66925
2465,0.74219,-0.02722,0.00421,0.66962
2474,0.74182,-0.02692,0.00568,0.66998
2483,0.74152,-0.02679,0.00702,0.67035
2492,0.74121,-0.02692,0.00824,0.67059
2501,0.74097,-0.02716,0.00934,0.67090
2510,0.74066,-0.02734,0.01007,0.67120
2519,0.74048,-0.02740,0.01062,0.67139
2528,0.74036,-0.02728,0.01129,0.67151
2538,0.74017,-0.02728,0.01239,0.67169
2549,0.73987,-0.02740,0.01392,0.67194
2559,0.73932,-0.02771,0.01569,0.67255
2569,0.73853,-0.02814,0.01740,0.67334
2580,0.73761,-0.02863,0.01910,0.67432
2590,0.73663,-0.02924,0.02069,0.67523
2600,0.73578,-0.02991,0.02173,0.67615
2610,0.73499,-0.03058,0.02234,0.67700
2621,0.73425,-0.03125,0.02258,0.67767
2631,0.73358,-0.03210,0.02307,0.67834
2641,0.73279,-0.03302,0.02405,0.67920
2651,0.73175,-0.03412,0.02527,0.68024
2661,0.73059,-0.03534,0.02655,0.68134
2672,0.72943,-0.03632,0.02759,0.68243
2682,0.72839,-0.03705,0.02814,0.68347
2692,0.72754,-0.03778,0.02832,0.68433
2702,0.72675,-0.03870,0.02838,0.68518
2712,0.72589,-0.03979,0.02832,0.68597
2723,0.72510,-0.04095,0.02820,0.68677
2733,0.72430,-0.04181,0.02802,0.68756
2743,0.72357,-0.04211,0.02783,0.68829
2753,0.72302,-0.04205,0.02777,0.68890
2763,0.72253,-0.04193,0.02777,0.68945
2773,0.72217,-0.04181,0.02783,0.68982
2784,0.72192,-0.04181,0.02783,0.69006
2794,0.72180,-0.04181,0.02808,0.69019
2804,0.72168,-0.04199,0.02832,0.69031
2815,0.72156,-0.04230,0.02844,0.69043
2825,0.72150,-0.04242,0.02826,0.69049
2835,0.72162,-0.04236,0.02802,0.69037
2845,0.72186,-0.04224,0.02789,0.69012
2855,0.72211,-0.04199,0.02795,0.68982
2866,0.72235,-0.04163,0.02802,0.68964
2875,0.72266,-0.04114,0.02789,0.68939
2884,0.72296,-0.04047,0.02777,0.68909
2893,0.72339,-0.03961,0.02783,0.68872
2902,0.72388,-0.03882,0.02795,0.68823
2911,0.72443,-0.03815,0.02826,0.68768
2919,0.72485,-0.03784,0.02869,0.68719
2928,0.72491,-0.03845,0.02936,0.68707
2938,0.72449,-0.03986,0.03021,0.68744
2948,0.72357,-0.04187,0.03101,0.68823
2958,0.72260,-0.04407,0.03149,0.68909
2968,0.72192,-0.04584,0.03162,0.68964
2980,0.72192,-0.04669,0.03174,0.68964
2990,0.72241,-0.04645,0.03204,0.68909
3000,0.72345,-0.04541,0.03241,0.68811
3010,0.72467,-0.04376,0.03278,0.68683
3020,0.72601,-0.04205,0.03314,0.68555
3030,0.72705,-0.04095,0.03326,0.68451
3041,0.72784,-0.04065,0.03296,0.68365
3051,0.72845,-0.04108,0.03265,0.68304
3061,0.72876,-0.04205,0.03229,0.68268
3071,0.72882,-0.04346,0.03180,0.68256
3081,0.72870,-0.04480,0.03113,0.68262
3092,0.72858,-0.04602,0.03033,0.68268
3102,0.72858,-0.04688,0.02954,0.68268
3112,0.72870,-0.04742,0.02905,0.68250
3122,0.72888,-0.04761,0.02899,0.68225
3133,0.72900,-0.04779,0.02936,0.68213
3143,0.72894,-0.04852,0.03015,0.68213
3153,0.72864,-0.04987,0.03125,0.68231
3163,0.72803,-0.05200,0.03229,0.68274
3173,0.72729,-0.05475,0.03296,0.68329
3182,0.72632,-0.05804,0.03333,0.68402
3191,0.72534,-0.06146,0.03326,0.68481
3200,0.72437,-0.06451,0.03284,0.68555
3209,0.72339,-0.06714,0.03235,0.68634
3219,0.72241,-0.06940,0.03168,0.68713
3229,0.72162,-0.07166,0.03094,0.68781
3239,0.72107,-0.07391,0.03033,0.68823
3249,0.72064,-0.07635,0.02985,0.68835
3259,0.72046,-0.07922,0.02954,0.68823
3269,0.72021,-0.08215,0.02948,0.68817
3280,0.71979,-0.08490,0.02948,0.68829
3290,0.71918,-0.08771,0.02942,0.68860
3300,0.71826,-0.09052,0.02948,0.68915
3311,0.71710,-0.09296,0.02966,0.69006
3321,0.71564,-0.09497,0.02985,0.69128
3331,0.71429,-0.09637,0.02991,0.69250
3341,0.71320,-0.09729,0.02979,0.69348
3351,0.71252,-0.09772,0.02948,0.69415
3361,0.71228,-0.09760,0.02924,0.69440
3372,0.71216,-0.09735,0.02936,0.69452
3382,0.71198,-0.09723,0.03015,0.69476
3392,0.71136,-0.09747,0.03143,0.69525
3402,0.71045,-0.09796,0.03314,0.69604
3412,0.70947,-0.09839,0.03485,0.69690
3423,0.70850,-0.09869,0.03662,0.69775
3433,0.70728,-0.09918,0.03827,0.69885
3443,0.70599,-0.09985,0.03955,0.69995
3453,0.70502,-0.10052,0.03992,0.70087
3463,0.70410,-0.10199,0.03986,0.70154
3473,0.70331,-0.10345,0.03967,0.70215
3484,0.70288,-0.10419,0.03937,0.70245
3494,0.70294,-0.10419,0.03888,0.70245
3504,0.70319,-0.10382,0.03857,0.70221
3514,0.70337,-0.10345,0.03876,0.70215
3524,0.70337,-0.10339,0.03918,0.70215
3535,0.70306,-0.10370,0.03943,0.70239
3545,0.70251,-0.10474,0.03937,0.70276
3555,0.70190,-0.10645,0.03888,0.70312
3565,0.70135,-0.10834,0.03796,0.70349
3576,0.70074,-0.11017,0.03680,0.70386
3586,0.69995,-0.11182,0.03571,0.70441
3596,0.69904,-0.11316,0.03461,0.70514
3606,0.69824,-0.11395,0.03339,0.70593
3617,0.69757,-0.11432,0.03210,0.70660
3627,0.69714,-0.11420,0.03076,0.70709
3637,0.69690,-0.11383,0.02930,0.70740
3647,0.69678,-0.11346,0.02777,0.70764
3657,0.69659,-0.11316,0.02612,0.70795
3668,0.69641,-0.11285,0.02423,0.70825
3677,0.69641,-0.11237,0.02197,0.70837
3686,0.69684,-0.11151,0.01947,0.70819
3695,0.69739,-0.11035,0.01703,0.70789
3703,0.69800,-0.10931,0.01489,0.70746
3712,0.69843,-0.10852,0.01337,0.70721
3721,0.69830,-0.10809,0.01239,0.70740
3730,0.69775,-0.10803,0.01166,0.70801
3739,0.69702,-0.10803,0.01080,0.70868
3749,0.69629,-0.10797,0.00983,0.70947
3759,0.69562,-0.10785,0.00861,0.71021
3769,0.69489,-0.10760,0.00714,0.71094
3780,0.69415,-0.10724,0.00555,0.71167
3790,0.69342,-0.10693,0.00385,0.71246
3800,0.69281,-0.10663,0.00201,0.71313
3811,0.69220,-0.10632,0.00037,0.71381
3821,0.69147,-0.10596,-0.00098,0.71454
3831,0.69061,-0.10571,-0.00250,0.71539
3841,0.68970,-0.10553,-0.00391,0.71631
3851,0.68848,-0.10553,-0.00513,0.71747
3862,0.68707,-0.10565,-0.00629,0.71881
3872,0.68542,-0.10577,-0.00745,0.72034
3882,0.68365,-0.10608,-0.00861,0.72192
3892,0.68201,-0.10614,-0.00977,0.72345
3903,0.68054,-0.10602,-0.01080,0.72485
3913,0.67920,-0.10559,-0.01166,0.72620
3923,0.67786,-0.10504,-0.01221,0.72748
3933,0.67664,-0.10461,-0.01282,0.72870
3943,0.67572,-0.10400,-0.01349,0.72961
3954,0.67499,-0.10352,-0.01398,0.73035
3964,0.67395,-0.10321,-0.01422,0.73132
3974,0.67261,-0.10321,-0.01440,0.73254
3984,0.67102,-0.10358,-0.01471,0.73401
3994,0.66937,-0.10413,-0.01514,0.73541
4004,0.66779,-0.10437,-0.01575,0.73676
4015,0.66656,-0.10419,-0.01660,0.73792
4025,0.66583,-0.10333,-0.01758,0.73865
4035,0.66565,-0.10181,-0.01862,0.73901
4045,0.66577,-0.09985,-0.01935,0.73914
4056,0.66595,-0.09808,-0.01978,0.73920
4066,0.66608,-0.09674,-0.01971,0.73926
4076,0.66595,-0.09619,-0.01935,0.73944
4086,0.66541,-0.09644,-0.01880,0.73993
4096,0.66431,-0.09717,-0.01807,0.74084
4107,0.66278,-0.09839,-0.01740,0.74207
4117,0.66119,-0.09979,-0.01703,0.74329
4127,0.65979,-0.10107,-0.01703,0.74438
4138,0.65857,-0.10205,-0.01703,0.74530
4148,0.65747,-0.10260,-0.01721,0.74622
4158,0.65649,-0.10297,-0.01746,0.74701
4168,0.65552,-0.10321,-0.01764,0.74780
4178,0.65448,-0.10358,-0.01764,0.74872
4188,0.65344,-0.10406,-0.01752,0.74951
4196,0.65247,-0.10443,-0.01727,0.75037
4206,0.65149,-0.10468,-0.01666,0.75116
4215,0.65039,-0.10461,-0.01593,0.75214
4223,0.64935,-0.10425,-0.01514,0.75311
4232,0.64832,-0.10364,-0.01434,0.75409
4241,0.64728,-0.10297,-0.01337,0.75513
4250,0.64600,-0.10236,-0.01221,0.75629
4259,0.64453,-0.10187,-0.01099,0.75763
4269,0.64288,-0.10150,-0.00970,0.75909
4279,0.64124,-0.10126,-0.00848,0.76056
4290,0.63971,-0.10107,-0.00745,0.76184
4301,0.63843,-0.10089,-0.00641,0.76294
4311,0.63715,-0.10052,-0.00549,0.76404
4321,0.63593,-0.09998,-0.00488,0.76520
4331,0.63477,-0.09918,-0.00458,0.76624
4342,0.63367,-0.09821,-0.00452,0.76727
4352,0.63263,-0.09717,-0.00452,0.76831
4362,0.63141,-0.09631,-0.00458,0.76935
4372,0.63013,-0.09583,-0.00464,0.77051
4382,0.62872,-0.09558,-0.00446,0.77167
4393,0.62720,-0.09552,-0.00415,0.77295
4403,0.62567,-0.09558,-0.00366,0.77417
4413,0.62427,-0.09546,-0.00317,0.77527
4423,0.62311,-0.09509,-0.00262,0.77631
4433,0.62207,-0.09448,-0.00208,0.77716
4443,0.62128,-0.09369,-0.00165,0.77789
4454,0.62073,-0.09283,-0.00116,0.77844
4464,0.62024,-0.09210,-0.00049,0.77893
4474,0.61963,-0.09155,0.00024,0.77948
4484,0.61890,-0.09119,0.00122,0.78015
4493,0.61792,-0.09113,0.00232,0.78088
4502,0.61700,-0.09125,0.00342,0.78162
4511,0.61627,-0.09113,0.00452,0.78217
4520,0.61566,-0.09052,0.00562,0.78271
4530,0.61511,-0.08942,0.00653,0.78326
4539,0.61469,-0.08795,0.00732,0.78381
4549,0.61438,-0.08636,0.00818,0.78418
4559,0.61432,-0.08508,0.00909,0.78436
4569,0.61456,-0.08411,0.01013,0.78424
4579,0.61481,-0.08337,0.01154,0.78412
4591,0.61481,-0.08282,0.01318,0.78412
4601,0.61462,-0.08221,0.01453,0.78436
4611,0.61432,-0.08118,0.01556,0.78467
4621,0.61420,-0.07953,0.01630,0.78491
4631,0.61426,-0.07733,0.01685,0.78503
4642,0.61450,-0.07471,0.01746,0.78510
4652,0.61475,-0.07178,0.01825,0.78516
4662,0.61505,-0.06885,0.01917,0.78516
4672,0.61560,-0.06616,0.02020,0.78497
4683,0.61627,-0.06354,0.02124,0.78461
4693,0.61719,-0.06128,0.02216,0.78406
4703,0.61823,-0.05951,0.02264,0.78333
4713,0.61957,-0.05817,0.02271,0.78241
4723,0.62073,-0.05701,0.02301,0.78156
4734,0.62152,-0.05603,0.02356,0.78101
4744,0.62189,-0.05560,0.02405,0.78070
4754,0.62189,-0.05597,0.02448,0.78064
4764,0.62164,-0.05676,0.02521,0.78082
4774,0.62115,-0.05756,0.02600,0.78107
4785,0.62091,-0.05804,0.02667,0.78119
4795,0.62122,-0.05762,0.02740,0.78101
4805,0.62195,-0.05640,0.02832,0.78046
4815,0.62323,-0.05505,0.02942,0.77948
4825,0.62506,-0.05365,0.03052,0.77808
4836,0.62726,-0.05225,0.03168,0.77631
4846,0.62952,-0.05103,0.03314,0.77454
4856,0.63141,-0.05029,0.03485,0.77301
4866,0.63287,-0.04999,0.03680,0.77167
4877,0.63391,-0.04993,0.03876,0.77075
4886,0.63458,-0.04999,0.04047,0.77014
4895,0.63489,-0.05005,0.04181,0.76978
4904,0.63513,-0.04956,0.04260,0.76959
4913,0.63556,-0.04852,0.04297,0.76929
4921,0.63635,-0.04718,0.04291,0.76868
4930,0.63776,-0.04590,0.04260,0.76764
4939,0.63977,-0.04474,0.04236,0.76605
4949,0.64191,-0.04382,0.04272,0.76428
4960,0.64374,-0.04352,0.04364,0.76270
4970,0.64520,-0.04388,0.04468,0.76141
4980,0.64630,-0.04456,0.04559,0.76038
4991,0.64722,-0.04510,0.04633,0.75952
5002,0.64819,-0.04523,0.04681,0.75867
5012,0.64929,-0.04480,0.04718,0.75769
5022,0.65070,-0.04401,0.04749,0.75653
5032,0.65222,-0.04303,0.04773,0.75519
5042,0.65387,-0.04211,0.04810,0.75385
5053,0.65533,-0.04138,0.04858,0.75256
5063,0.65637,-0.04083,0.04895,0.75171
5073,0.65680,-0.04047,0.04913,0.75128
5083,0.65704,-0.04071,0.04883,0.75110
5093,0.65747,-0.04144,0.04816,0.75073
5104,0.65820,-0.04211,0.04736,0.75012
5114,0.65948,-0.04291,0.04651,0.74902
5124,0.66107,-0.04346,0.04572,0.74756
5134,0.66290,-0.04419,0.04504,0.74603
5144,0.66486,-0.04504,0.04431,0.74426
5154,0.66693,-0.04572,0.04358,0.74237
5165,0.66888,-0.04614,0.04279,0.74060
5175,0.67059,-0.04620,0.04175,0.73914
5185,0.67194,-0.04559,0.04034,0.73804
5195,0.67297,-0.04486,0.03882,0.73724
5205,0.67358,-0.04425,0.03766,0.73676
5216,0.67395,-0.04437,0.03680,0.73645
5226,0.67407,-0.04492,0.03613,0.73633
5236,0.67419,-0.04590,0.03564,0.73621
5246,0.67462,-0.04724,0.03510,0.73578
5256,0.67554,-0.04791,0.03436,0.73486
5267,0.67688,-0.04742,0.03314,0.73376
5277,0.67859,-0.04596,0.03174,0.73230
5287,0.68042,-0.04443,0.03082,0.73077
5297,0.68195,-0.04413,0.03052,0.72937
5308,0.68286,-0.04510,0.03094,0.72845
5318,0.68292,-0.04639,0.03168,0.72827
5328,0.68231,-0.04742,0.03223,0.72876
5338,0.68152,-0.04810,0.03235,0.72943
5348,0.68091,-0.04840,0.03223,0.73004
5359,0.68048,-0.04828,0.03217,0.73041
5369,0.68036,-0.04822,0.03229,0.73053
5379,0.68054,-0.04858,0.03278,0.73029
5389,0.68066,-0.04919,0.03406,0.73004
5399,0.68054,-0.05017,0.03613,0.73004
5410,0.68005,-0.05139,0.03833,0.73029
5420,0.67932,-0.05280,0.04022,0.73077
5430,0.67847,-0.05414,0.04144,0.73138
5440,0.67737,-0.05530,0.04230,0.73230
5450,0.67590,-0.05634,0.04272,0.73352
5461,0.67462,-0.05792,0.04279,0.73456
5471,0.67377,-0.05969,0.04272,0.73523
5481,0.67291,-0.06110,0.04248,0.73590
5490,0.67200,-0.06213,0.04193,0.73669
5499,0.67120,-0.06317,0.04114,0.73737
5508,0.67065,-0.06451,0.04059,0.73779
5517,0.67010,-0.06598,0.03986,0.73822
5526,0.66968,-0.06732,0.03845,0.73853
5535,0.66974,-0.06842,0.03632,0.73853
5543,0.67029,-0.06915,0.03387,0.73804
5552,0.67145,-0.06952,0.03119,0.73706
5561,0.67291,-0.06970,0.02863,0.73584
5570,0.67450,-0.06964,0.02637,0.73444
5580,0.67596,-0.06927,0.02509,0.73322
5591,0.67694,-0.06860,0.02478,0.73236
5602,0.67749,-0.06775,0.02478,0.73193
5612,0.67786,-0.06641,0.02441,0.73175
5622,0.67841,-0.06439,0.02319,0.73145
5633,0.67926,-0.06183,0.02118,0.73090
5643,0.68054,-0.05743,0.01849,0.73016
5653,0.68188,-0.05084,0.01453,0.72949
5663,0.68292,-0.04413,0.00983,0.72906
5674,0.68341,-0.03815,0.00543,0.72894
5684,0.68365,-0.03253,0.00195,0.72900
5694,0.68378,-0.02722,-0.00079,0.72913
5705,0.68396,-0.02295,-0.00183,0.72906
5715,0.68414,-0.01959,-0.00110,0.72900
5725,0.68420,-0.01709,-0.00031,0.72900
5735,0.68427,-0.01520,0.00031,0.72900
5746,0.68427,-0.01392,0.00079,0.72900
5756,0.68427,-0.01306,0.00104,0.72900
5766,0.68427,-0.01233,0.00128,0.72906
5777,0.68427,-0.01160,0.00159,0.72906
5787,0.68427,-0.01099,0.00189,0.72906
5797,0.68433,-0.01025,0.00220,0.72906
5808,0.68433,-0.00946,0.00269,0.72906
5818,0.68433,-0.00861,0.00323,0.72906
5828,0.68433,-0.00781,0.00397,0.72906
5838,0.68433,-0.00708,0.00476,0.72906
5849,0.68433,-0.00641,0.00555,0.72906
5859,0.68439,-0.00592,0.00623,0.72900
5869,0.68439,-0.00543,0.00690,0.72900
5880,0.68433,-0.00500,0.00745,0.72906
5890,0.68433,-0.00458,0.00800,0.72906
5900,0.68433,-0.00421,0.00836,0.72906
5911,0.68433,-0.00397,0.00867,0.72906
5921,0.68433,-0.00397,0.00897,0.72906
5931,0.68427,-0.00391,0.00934,0.72906
5941,0.68433,-0.00403,0.00970,0.72900
5951,0.68445,-0.00494,0.01007,0.72888
5962,0.68475,-0.00531,0.01019,0.72864
5972,0.68512,-0.00513,0.00964,0.72833
5982,0.68573,-0.00543,0.00867,0.72772
5992,0.68683,-0.00604,0.00757,0.72668
6001,0.68817,-0.00629,0.00677,0.72546
6010,0.68933,-0.00635,0.00635,0.72437
6019,0.69025,-0.00635,0.00616,0.72345
6028,0.69110,-0.00616,0.00629,0.72266
6037,0.69171,-0.00592,0.00665,0.72205
6046,0.69208,-0.00568,0.00702,0.72168
6055,0.69226,-0.00549,0.00714,0.72150
6064,0.69238,-0.00543,0.00714,0.72137
6073,0.69250,-0.00543,0.00696,0.72131
6082,0.69257,-0.00543,0.00677,0.72125
6091,0.69263,-0.00537,0.00665,0.72113
6101,0.69269,-0.00531,0.00659,0.72107
6112,0.69275,-0.00525,0.00665,0.72107
6122,0.69287,-0.00513,0.00671,0.72095
6132,0.69293,-0.00507,0.00671,0.72089
6143,0.69299,-0.00500,0.00665,0.72083
6153,0.69305,-0.00494,0.00653,0.72076
6163,0.69318,-0.00494,0.00647,0.72070
6173,0.69330,-0.00488,0.00641,0.72058
6184,0.69342,-0.00482,0.00635,0.72046
6194,0.69354,-0.00476,0.00635,0.72034
6204,0.69360,-0.00470,0.00629,0.72021
6215,0.69366,-0.00464,0.00629,0.72015
6225,0.69373,-0.00458,0.00623,0.72015
6235,0.69379,-0.00458,0.00616,0.72009
6245,0.69385,-0.00452,0.00610,0.72003
6256,0.69391,-0.00446,0.00610,0.71997
6266,0.69391,-0.00439,0.00604,0.71997
6276,0.69397,-0.00433,0.00598,0.71991
6287,0.69397,-0.00427,0.00598,0.71991
6297,0.69403,-0.00421,0.00592,0.71985
6307,0.69409,-0.00415,0.00586,0.71979
6317,0.69409,-0.00415,0.00580,0.71979
6328,0.69415,-0.00409,0.00574,0.71973
6338,0.69415,-0.00403,0.00574,0.71973
6348,0.69421,-0.00397,0.00568,0.71967
6358,0.69427,-0.00391,0.00562,0.71960
6369,0.69427,-0.00391,0.00562,0.71960
6379,0.69434,-0.00385,0.00555,0.71960
6389,0.69434,-0.00378,0.00549,0.71954
6397,0.69440,-0.00378,0.00549,0.71954
6405,0.69440,-0.00372,0.00543,0.71948
6413,0.69446,-0.00366,0.00537,0.71948
6421,0.69446,-0.00360,0.00531,0.71942
6430,0.69452,-0.00360,0.00525,0.71942
6440,0.69452,-0.00354,0.00525,0.71936
6450,0.69458,-0.00348,0.00519,0.71936
6459,0.69458,-0.00342,0.00513,0.71930
6469,0.69464,-0.00336,0.00513,0.71930
6480,0.69464,-0.00336,0.00507,0.71924
6490,0.69470,-0.00330,0.00500,0.71924
6502,0.69470,-0.00323,0.00494,0.71918
6512,0.69476,-0.00323,0.00494,0.71918
6523,0.69476,-0.00317,0.00488,0.71912
6533,0.69482,-0.00311,0.00482,0.71912
6543,0.69489,-0.00311,0.00482,0.71906
6553,0.69489,-0.00305,0.00476,0.71899
6563,0.69495,-0.00305,0.00470,0.71899
6574,0.69495,-0.00299,0.00470,0.71893
6584,0.69501,-0.00293,0.00464,0.71893
6594,0.69501,-0.00293,0.00464,0.71893
6604,0.69507,-0.00287,0.00458,0.71887
6614,0.69507,-0.00287,0.00452,0.71887
6625,0.69513,-0.00281,0.00452,0.71881
6635,0.69513,-0.00275,0.00446,0.71881
6645,0.69519,-0.00275,0.00439,0.71875
6655,0.69519,-0.00269,0.00439,0.71875
6666,0.69525,-0.00269,0.00433,0.71869
6676,0.69525,-0.00262,0.00433,0.71869
6686,0.69531,-0.00262,0.00427,0.71863
6696,0.69531,-0.00256,0.00421,0.71863
6707,0.69531,-0.00256,0.00421,0.71863
6717,0.69537,-0.00250,0.00415,0.71863
6727,0.69537,-0.00250,0.00415,0.71857
6737,0.69537,-0.00244,0.00409,0.71857
6748,0.69537,-0.00238,0.00409,0.71857
6758,0.69543,-0.00238,0.00403,0.71851
6768,0.69543,-0.00232,0.00403,0.71851
6778,0.69543,-0.00232,0.00397,0.71851
6788,0.69543,-0.00226,0.00397,0.71851
6797,0.69550,-0.00226,0.00391,0.71851
6805,0.69550,-0.00220,0.00391,0.71851
6813,0.69550,-0.00220,0.00385,0.71844
6821,0.69550,-0.00214,0.00385,0.71844
6830,0.69550,-0.00214,0.00378,0.71844
6840,0.69556,-0.00208,0.00378,0.71844
6850,0.69556,-0.00208,0.00372,0.71838
6860,0.69556,-0.00201,0.00372,0.71838
6870,0.69556,-0.00201,0.00366,0.71838
6880,0.69562,-0.00195,0.00360,0.71838
6890,0.69562,-0.00195,0.00360,0.71832
6902,0.69562,-0.00195,0.00354,0.71832
6913,0.69562,-0.00189,0.00354,0.71832
6923,0.69568,-0.00189,0.00348,0.71832
6933,0.69568,-0.00183,0.00342,0.71832
6943,0.69568,-0.00177,0.00342,0.71826
6953,0.69568,-0.00177,0.00342,0.71826
6963,0.69568,-0.00171,0.00336,0.71826
6974,0.69568,-0.00171,0.00336,0.71826
6984,0.69568,-0.00165,0.00330,0.71826
6994,0.69574,-0.00165,0.00330,0.71826
7004,0.69574,-0.00159,0.00323,0.71826
7014,0.69574,-0.00159,0.00323,0.71826
7025,0.69574,-0.00159,0.00317,0.71820
7035,0.69574,-0.00153,0.00317,0.71820
7045,0.69574,-0.00153,0.00311,0.71820
7055,0.69574,-0.00146,0.00311,0.71820
7065,0.69580,-0.00146,0.00305,0.71820
7076,0.69580,-0.00146,0.00305,0.71820
7086,0.69580,-0.00146,0.00299,0.71820
7096,0.69580,-0.00146,0.00299,0.71814
7106,0.69580,-0.00140,0.00293,0.71814
7116,0.69580,-0.00140,0.00293,0.71814
7127,0.69580,-0.00134,0.00293,0.71814
7137,0.69586,-0.00134,0.00287,0.71814
7147,0.69586,-0.00134,0.00287,0.71814
7157,0.69586,-0.00128,0.00281,0.71814
7167,0.69586,-0.00128,0.00281,0.71814
7178,0.69586,-0.00122,0.00275,0.71808
7188,0.69586,-0.00122,0.00275,0.71808
7198,0.69586,-0.00122,0.00275,0.71808
7208,0.69586,-0.00116,0.00269,0.71808
7218,0.69586,-0.00110,0.00269,0.71808
7229,0.69592,-0.00110,0.00262,0.71808
7239,0.69592,-0.00110,0.00262,0.71808
7249,0.69592,-0.00104,0.00262,0.71808
7259,0.69592,-0.00104,0.00256,0.71808
7269,0.69592,-0.00104,0.00256,0.71808
7280,0.69592,-0.00098,0.00256,0.71808
7290,0.69592,-0.00098,0.00250,0.71808
7300,0.69592,-0.00092,0.00250,0.71808
7308,0.69592,-0.00092,0.00244,0.71808
7316,0.69592,-0.00092,0.00244,0.71808
7324,0.69592,-0.00085,0.00244,0.71808
7332,0.69592,-0.00085,0.00238,0.71808
7341,0.69592,-0.00085,0.00238,0.71808
7350,0.69592,-0.00085,0.00238,0.71802
7360,0.69592,-0.00079,0.00232,0.71802
7370,0.69592,-0.00079,0.00232,0.71802
7380,0.69592,-0.00079,0.00226,0.71802
7391,0.69592,-0.00073,0.00226,0.71802
7401,0.69592,-0.00073,0.00226,0.71802
7412,0.69592,-0.00067,0.00220,0.71802
7422,0.69592,-0.00067,0.00220,0.71802
7433,0.69592,-0.00067,0.00220,0.71802
7443,0.69592,-0.00067,0.00214,0.71802
7453,0.69598,-0.00061,0.00214,0.71802
7463,0.69598,-0.00061,0.00214,0.71802
7473,0.69598,-0.00061,0.00208,0.71802
7484,0.69598,-0.00055,0.00208,0.71802
7494,0.69598,-0.00055,0.00201,0.71802
7504,0.69598,-0.00055,0.00201,0.71802
7514,0.69598,-0.00049,0.00201,0.71802
7524,0.69598,-0.00049,0.00201,0.71802
7535,0.69598,-0.00049,0.00195,0.71802
7545,0.69598,-0.00043,0.00195,0.71802
7555,0.69598,-0.00043,0.00195,0.71802
7565,0.69598,-0.00043,0.00195,0.71802
7575,0.69598,-0.00043,0.00189,0.71802
7585,0.69598,-0.00037,0.00189,0.71802
7596,0.69598,-0.00037,0.00189,0.71802
7606,0.69598,-0.00037,0.00183,0.71802
7616,0.69598,-0.00031,0.00183,0.71802
7626,0.69598,-0.00031,0.00183,0.71802
7636,0.69598,-0.00031,0.00177,0.71802
7647,0.69598,-0.00031,0.00177,0.71802
7657,0.69598,-0.00024,0.00177,0.71796
7667,0.69598,-0.00024,0.00177,0.71796
7677,0.69598,-0.00024,0.00177,0.71796
7688,0.69598,-0.00018,0.00177,0.71796
7698,0.69598,-0.00018,0.00171,0.71796
7708,0.69598,-0.00018,0.00171,0.71796
7718,0.69598,-0.00018,0.00171,0.71796
7729,0.69598,-0.00012,0.00165,0.71796
7739,0.69598,-0.00012,0.00165,0.71796
7749,0.69598,-0.00012,0.00165,0.71796
7760,0.69598,-0.00012,0.00165,0.71796
7770,0.69598,-0.00006,0.00159,0.71796
7780,0.69598,-0.00006,0.00159,0.71796
7790,0.69598,-0.00006,0.00159,0.71796
7800,0.69598,0.00000,0.00153,0.71796
7809,0.69604,0.00000,0.00153,0.71796
7818,0.69604,0.00000,0.00153,0.71796
7827,0.69604,0.00006,0.00153,0.71796
7836,0.69604,0.00006,0.00146,0.71796
7845,0.69604,0.00006,0.00146,0.71796
7854,0.69604,0.00006,0.00146,0.71796
7863,0.69604,0.00012,0.00140,0.71796
7872,0.69604,0.00012,0.00140,0.71790
7882,0.69604,0.00012,0.00140,0.71790
7892,0.69604,0.00012,0.00140,0.71790
7902,0.69604,0.00012,0.00140,0.71790
7913,0.69611,0.00018,0.00134,0.71790
7924,0.69611,0.00018,0.00134,0.71790
7934,0.69611,0.00018,0.00134,0.71790
7944,0.69611,0.00018,0.00128,0.71790
7954,0.69611,0.00024,0.00128,0.71790
7964,0.69611,0.00024,0.00128,0.71790
7974,0.69611,0.00024,0.00128,0.71790
7985,0.69611,0.00024,0.00128,0.71790
7995,0.69611,0.00024,0.00122,0.71790
8005,0.69611,0.00031,0.00122,0.71790
8015,0.69611,0.00031,0.00122,0.71790
8025,0.69611,0.00031,0.00122,0.71790
8036,0.69611,0.00031,0.00122,0.71790
8046,0.69611,0.00037,0.00122,0.71790
8056,0.69611,0.00037,0.00116,0.71790
8066,0.69611,0.00037,0.00116,0.71790
8076,0.69611,0.00037,0.00116,0.71790
8087,0.69611,0.00043,0.00116,0.71790
8097,0.69611,0.00043,0.00116,0.71790
8106,0.69611,0.00043,0.00116,0.71790
8115,0.69611,0.00043,0.00110,0.71790
8124,0.69611,0.00043,0.00110,0.71790
8133,0.69611,0.00049,0.00110,0.71790
8142,0.69611,0.00049,0.00110,0.71790
8152,0.69611,0.00049,0.00110,0.71790
8162,0.69611,0.00049,0.00110,0.71790
8172,0.69611,0.00049,0.00104,0.71790
8182,0.69611,0.00049,0.00104,0.71790
8192,0.69611,0.00055,0.00104,0.71790
8202,0.69611,0.00055,0.00104,0.71790
8212,0.69611,0.00055,0.00098,0.71790
8221,0.69611,0.00055,0.00098,0.71790
8231,0.69611,0.00055,0.00098,0.71790
8241,0.69611,0.00061,0.00098,0.71790
8251,0.69611,0.00061,0.00098,0.71790
8262,0.69611,0.00061,0.00092,0.71790
8271,0.69611,0.00061,0.00092,0.71790
8282,0.69611,0.00061,0.00092,0.71790
8292,0.69611,0.00067,0.00085,0.71790
8302,0.69611,0.00067,0.00085,0.71790
8313,0.69611,0.00067,0.00085,0.71790
8324,0.69611,0.00067,0.00085,0.71790
8334,0.69611,0.00067,0.00085,0.71783
8344,0.69611,0.00067,0.00085,0.71783
8354,0.69611,0.00067,0.00079,0.71783
8364,0.69611,0.00073,0.00079,0.71783
8374,0.69611,0.00073,0.00079,0.71783
8385,0.69611,0.00073,0.00079,0.71783
8395,0.69611,0.00073,0.00073,0.71783
8405,0.69617,0.00073,0.00073,0.71783
8415,0.69617,0.00079,0.00073,0.71783
8426,0.69617,0.00079,0.00073,0.71783
8436,0.69617,0.00079,0.00073,0.71783
8446,0.69617,0.00079,0.00073,0.71783
8456,0.69617,0.00079,0.00073,0.71783
8466,0.69617,0.00079,0.00073,0.71783
8477,0.69617,0.00079,0.00073,0.71783
8487,0.69617,0.00085,0.00073,0.71783
8497,0.69617,0.00085,0.00073,0.71783
8507,0.69617,0.00085,0.00067,0.71783
8517,0.69617,0.00085,0.00067,0.71783
8528,0.69617,0.00085,0.00067,0.71783
8538,0.69617,0.00085,0.00067,0.71783
8548,0.69617,0.00085,0.00061,0.71783
8558,0.69617,0.00092,0.00061,0.71783
8569,0.69617,0.00092,0.00061,0.71783
8579,0.69617,0.00092,0.00061,0.71783
8589,0.69617,0.00092,0.00061,0.71783
8599,0.69617,0.00092,0.00061,0.71783
8609,0.69617,0.00092,0.00061,0.71783
8618,0.69617,0.00092,0.00061,0.71783
8627,0.69617,0.00098,0.00055,0.71783
8636,0.69617,0.00098,0.00055,0.71783
8645,0.69617,0.00098,0.00055,0.71783
8654,0.69617,0.00098,0.00055,0.71783
8663,0.69617,0.00098,0.00055,0.71783
8673,0.69617,0.00098,0.00049,0.71783
8682,0.69617,0.00104,0.00049,0.71783
8692,0.69617,0.00104,0.00049,0.71783
8702,0.69617,0.00104,0.00049,0.71783
8712,0.69617,0.00104,0.00049,0.71783
8722,0.69617,0.00104,0.00049,0.71783
8733,0.69617,0.00104,0.00049,0.71783
8743,0.69617,0.00110,0.00043,0.71783
8753,0.69617,0.00110,0.00043,0.71783
8762,0.69617,0.00110,0.00043,0.71783
8772,0.69617,0.00110,0.00043,0.71777
8782,0.69617,0.00110,0.00043,0.71777
8792,0.69617,0.00116,0.00043,0.71777
8802,0.69617,0.00116,0.00043,0.71777
8812,0.69617,0.00116,0.00043,0.71777
8823,0.69617,0.00116,0.00043,0.71777
8834,0.69617,0.00116,0.00037,0.71777
8844,0.69617,0.00116,0.00037,0.71777
8854,0.69617,0.00116,0.00037,0.71777
8864,0.69617,0.00116,0.00037,0.71777
8874,0.69617,0.00116,0.00037,0.71777
8884,0.69617,0.00116,0.00037,0.71777
8895,0.69617,0.00122,0.00037,0.71777
8905,0.69617,0.00116,0.00037,0.71777
8915,0.69617,0.00116,0.00031,0.71777
8925,0.69617,0.00122,0.00031,0.71777
8935,0.69617,0.00122,0.00031,0.71777
8946,0.69617,0.00122,0.00031,0.71777
8956,0.69617,0.00122,0.00031,0.71777
8966,0.69617,0.00122,0.00031,0.71777
8976,0.69617,0.00122,0.00031,0.71777
8986,0.69617,0.00122,0.00031,0.71777
8996,0.69617,0.00122,0.00031,0.71777
9007,0.69623,0.00122,0.00031,0.71777
9017,0.69623,0.00122,0.00031,0.71777
9026,0.69623,0.00128,0.00024,0.71777
9035,0.69623,0.00128,0.00024,0.71777
9044,0.69623,0.00128,0.00024,0.71777
9053,0.69623,0.00128,0.00024,0.71777
9063,0.69623,0.00128,0.00024,0.71777
9073,0.69623,0.00128,0.00024,0.71777
9083,0.69623,0.00128,0.00024,0.71777
9092,0.69623,0.00128,0.00024,0.71777
9102,0.69623,0.00128,0.00024,0.71777
9112,0.69623,0.00128,0.00024,0.71777
9123,0.69623,0.00134,0.00024,0.71777
9134,0.69623,0.00128,0.00024,0.71777
9144,0.69623,0.00134,0.00024,0.71777
9154,0.69623,0.00134,0.00018,0.71777
9165,0.69623,0.00134,0.00018,0.71777
9175,0.69623,0.00134,0.00018,0.71777
9185,0.69623,0.00134,0.00018,0.71777
9195,0.69623,0.00134,0.00018,0.71777
9206,0.69623,0.00134,0.00018,0.71777
9216,0.69623,0.00134,0.00018,0.71777
9225,0.69623,0.00140,0.00012,0.71777
9234,0.69617,0.00140,0.00012,0.71777
9243,0.69617,0.00140,0.00012,0.71777
9253,0.69617,0.00140,0.00012,0.71777
9263,0.69617,0.00140,0.00012,0.71777
9273,0.69617,0.00140,0.00012,0.71777
9283,0.69617,0.00134,0.00006,0.71777
9293,0.69617,0.00140,0.00006,0.71777
9303,0.69617,0.00140,0.00006,0.71783
9313,0.69617,0.00140,0.00006,0.71783
9323,0.69617,0.00140,0.00006,0.71777
9334,0.69617,0.00140,0.00006,0.71777
9345,0.69617,0.00140,0.00006,0.71777
9355,0.69617,0.00140,0.00006,0.71777
9365,0.69617,0.00140,0.00006,0.71777
9375,0.69617,0.00140,0.00006,0.71777
9385,0.69617,0.00140,0.00006,0.71777
9396,0.69617,0.00140,0.00006,0.71777
9406,0.69617,0.00140,0.00006,0.71777
9416,0.69617,0.00140,0.00006,0.71777
9426,0.69617,0.00140,0.00006,0.71777
9436,0.69617,0.00140,0.00006,0.71777
9447,0.69617,0.00140,0.00000,0.71777
9457,0.69617,0.00140,0.00000,0.71777
9467,0.69617,0.00146,0.00000,0.71777
9477,0.69617,0.00146,0.00000,0.71777
9487,0.69617,0.00146,0.00000,0.71777
9498,0.69617,0.00146,0.00000,0.71777
9508,0.69617,0.00146,0.00000,0.71777
9518,0.69617,0.00146,0.00000,0.71777
9528,0.69617,0.00146,0.00000,0.71777
9538,0.69617,0.00146,0.00000,0.71777
9549,0.69617,0.00146,0.00000,0.71777
9559,0.69617,0.00153,0.00000,0.71777
9569,0.69617,0.00153,0.00000,0.71777
9579,0.69617,0.00153,0.00000,0.71777
9589,0.69617,0.00153,0.00000,0.71777
9600,0.69617,0.00153,-0.00006,0.71777
9610,0.69617,0.00153,0.00000,0.71777
9620,0.69617,0.00153,0.00000,0.71777
9630,0.69617,0.00153,-0.00006,0.71777
9640,0.69617,0.00153,-0.00006,0.71783
9651,0.69617,0.00153,-0.00006,0.71783
9661,0.69617,0.00159,-0.00006,0.71783
9671,0.69617,0.00159,-0.00006,0.71783
9681,0.69617,0.00159,-0.00006,0.71783
9691,0.69617,0.00159,-0.00006,0.71783
9702,0.69617,0.00159,-0.00006,0.71777
9712,0.69617,0.00159,-0.00006,0.71777
9722,0.69617,0.00159,-0.00006,0.71777
9731,0.69617,0.00159,-0.00006,0.71777
9740,0.69617,0.00159,-0.00006,0.71777
9749,0.69617,0.00159,-0.00006,0.71777
9757,0.69617,0.00159,-0.00006,0.71777
9766,0.69617,0.00159,-0.00006,0.71783
9775,0.69617,0.00165,-0.00006,0.71783
9784,0.69617,0.00165,-0.00006,0.71783
9793,0.69617,0.00165,-0.00006,0.71783
9803,0.69617,0.00165,-0.00006,0.71783
9813,0.69617,0.00165,-0.00006,0.71783
9823,0.69617,0.00165,-0.00012,0.71783
9833,0.69617,0.00165,-0.00012,0.71783
9843,0.69617,0.00165,-0.00012,0.71783
9853,0.69617,0.00165,-0.00012,0.71783
9863,0.69617,0.00165,-0.00012,0.71783
9872,0.69617,0.00165,-0.00012,0.71783
9882,0.69617,0.00165,-0.00012,0.71783
9893,0.69617,0.00165,-0.00012,0.71783
9903,0.69617,0.00165,-0.00012,0.71783
9913,0.69617,0.00165,-0.00012,0.71783
9924,0.69617,0.00165,-0.00012,0.71777
9934,0.69617,0.00165,-0.00012,0.71777
9944,0.69617,0.00165,-0.00012,0.71777
9954,0.69617,0.00165,-0.00012,0.71783
9965,0.69617,0.00165,-0.00012,0.71777
9975,0.69617,0.00165,-0.00012,0.71777
9985,0.69617,0.00165,-0.00012,0.71783
9995,0.69617,0.00165,-0.00012,0.71783
10005,0.69617,0.00165,-0.00012,0.71783
10016,0.69617,0.00165,-0.00012,0.71783
10026,0.69617,0.00165,-0.00012,0.71783
10036,0.69617,0.00165,-0.00012,0.71783
10046,0.69617,0.00165,-0.00012,0.71783
10056,0.69617,0.00165,-0.00012,0.71777
10067,0.69617,0.00165,-0.00012,0.71777
10077,0.69617,0.00165,-0.00012,0.71777
10087,0.69617,0.00171,-0.00012,0.71777
10097,0.69617,0.00171,-0.00012,0.71777
10107,0.69617,0.00171,-0.00012,0.71777
10118,0.69617,0.00165,-0.00012,0.71777
10128,0.69617,0.00171,-0.00012,0.71777
10138,0.69617,0.00171,-0.00012,0.71777
10148,0.69617,0.00171,-0.00012,0.71777
10158,0.69617,0.00171,-0.00012,0.71777
10169,0.69623,0.00171,-0.00012,0.71777
10179,0.69623,0.00171,-0.00012,0.71777
10189,0.69617,0.00171,-0.00012,0.71777
10199,0.69617,0.00177,-0.00012,0.71777
10209,0.69617,0.00177,-0.00012,0.71777
10219,0.69617,0.00177,-0.00012,0.71777
10230,0.69617,0.00171,-0.00012,0.71777
10240,0.69617,0.00177,-0.00012,0.71777
10250,0.69617,0.00177,-0.00012,0.71777
10260,0.69617,0.00177,-0.00012,0.71777
10270,0.69617,0.00177,-0.00012,0.71777
10281,0.69617,0.00177,-0.00012,0.71777
10291,0.69617,0.00177,-0.00012,0.71777
10301,0.69617,0.00177,-0.00012,0.71783
10311,0.69617,0.00183,-0.00012,0.71783
10321,0.69617,0.00183,-0.00012,0.71783
10332,0.69617,0.00183,-0.00012,0.71777
10342,0.69617,0.00183,-0.00012,0.71783
10352,0.69617,0.00177,-0.00012,0.71783
10362,0.69617,0.00177,-0.00012,0.71783
10372,0.69617,0.00177,-0.00012,0.71783
10383,0.69617,0.00183,-0.00012,0.71783
10393,0.69617,0.00183,-0.00012,0.71783
10403,0.69617,0.00183,-0.00018,0.71783
10413,0.69617,0.00183,-0.00018,0.71777
10423,0.69617,0.00183,-0.00018,0.71777
10433,0.69617,0.00183,-0.00018,0.71783
10444,0.69617,0.00183,-0.00018,0.71783
10454,0.69617,0.00183,-0.00018,0.71777
10464,0.69617,0.00183,-0.00018,0.71777
10474,0.69617,0.00183,-0.00018,0.71777
10484,0.69617,0.00183,-0.00018,0.71777
10495,0.69617,0.00183,-0.00018,0.71777
10505,0.69617,0.00183,-0.00018,0.71777
10515,0.69617,0.00183,-0.00018,0.71777
10525,0.69617,0.00183,-0.00024,0.71777
10535,0.69617,0.00183,-0.00024,0.71783
10545,0.69617,0.00183,-0.00024,0.71783
10556,0.69617,0.00183,-0.00024,0.71783
10566,0.69617,0.00183,-0.00024,0.71783
10576,0.69617,0.00183,-0.00024,0.71783
10586,0.69617,0.00183,-0.00018,0.71783
10596,0.69617,0.00183,-0.00024,0.71783
10607,0.69617,0.00189,-0.00024,0.71783
10617,0.69617,0.00189,-0.00024,0.71783
10627,0.69617,0.00189,-0.00024,0.71783
10637,0.69617,0.00189,-0.00024,0.71783
10647,0.69617,0.00189,-0.00024,0.71783
10657,0.69617,0.00189,-0.00024,0.71783
10668,0.69617,0.00189,-0.00024,0.71783
10678,0.69617,0.00189,-0.00024,0.71783
10688,0.69617,0.00189,-0.00024,0.71783
10698,0.69617,0.00189,-0.00024,0.71783
10708,0.69617,0.00189,-0.00024,0.71783
10719,0.69617,0.00189,-0.00024,0.71783
10729,0.69617,0.00189,-0.00024,0.71783
10739,0.69617,0.00189,-0.00024,0.71783
10749,0.69617,0.00189,-0.00024,0.71783
10759,0.69617,0.00189,-0.00024,0.71783
10769,0.69617,0.00189,-0.00024,0.71783
10780,0.69617,0.00189,-0.00024,0.71783
10790,0.69617,0.00189,-0.00024,0.71783
10800,0.69617,0.00189,-0.00024,0.71783
10810,0.69617,0.00189,-0.00024,0.71783
10820,0.69617,0.00189,-0.00024,0.71783
10830,0.69617,0.00189,-0.00024,0.71783
10841,0.69617,0.00189,-0.00024,0.71783
10851,0.69617,0.00189,-0.00024,0.71783
10861,0.69617,0.00183,-0.00024,0.71783
10871,0.69617,0.00183,-0.00024,0.71783
10881,0.69617,0.00183,-0.00024,0.71783
10891,0.69617,0.00183,-0.00024,0.71783
10902,0.69617,0.00183,-0.00024,0.71783
10912,0.69617,0.00183,-0.00024,0.71783
10922,0.69617,0.00189,-0.00024,0.71783
10932,0.69617,0.00189,-0.00024,0.71783
10942,0.69617,0.00183,-0.00024,0.71783
10953,0.69617,0.00183,-0.00024,0.71783
10963,0.69617,0.00183,-0.00024,0.71783
10973,0.69617,0.00183,-0.00024,0.71783
10983,0.69617,0.00183,-0.00024,0.71783
10993,0.69617,0.00183,-0.00024,0.71783
11004,0.69617,0.00183,-0.00024,0.71783
11014,0.69617,0.00183,-0.00024,0.71783
11024,0.69617,0.00189,-0.00024,0.71783
11034,0.69617,0.00189,-0.00024,0.71783
11044,0.69617,0.00189,-0.00024,0.71783
11054,0.69617,0.00189,-0.00024,0.71783
11065,0.69617,0.00189,-0.00024,0.71783
11075,0.69617,0.00189,-0.00024,0.71783
11085,0.69611,0.00189,-0.00024,0.71783
11095,0.69611,0.00189,-0.00024,0.71783
11105,0.69611,0.00189,-0.00024,0.71783
11115,0.69611,0.00189,-0.00024,0.71783
11126,0.69611,0.00189,-0.00024,0.71783
11136,0.69611,0.00189,-0.00024,0.71783
11146,0.69611,0.00189,-0.00024,0.71783
11156,0.69611,0.00189,-0.00024,0.71783
11166,0.69611,0.00189,-0.00024,0.71783
11177,0.69611,0.00189,-0.00018,0.71783
11187,0.69611,0.00189,-0.00018,0.71783
11197,0.69611,0.00189,-0.00018,0.71783
11207,0.69611,0.00189,-0.00018,0.71783
11218,0.69611,0.00189,-0.00018,0.71783
11228,0.69611,0.00189,-0.00018,0.71783
11237,0.69611,0.00195,-0.00018,0.71783
11246,0.69611,0.00195,-0.00018,0.71783
11255,0.69611,0.00195,-0.00018,0.71783
11264,0.69611,0.00195,-0.00018,0.71783
11273,0.69611,0.00195,-0.00018,0.71783
11282,0.69611,0.00195,-0.00018,0.71783
11290,0.69611,0.00195,-0.00018,0.71783
11299,0.69611,0.00195,-0.00018,0.71783
11308,0.69611,0.00195,-0.00018,0.71783
11317,0.69611,0.00195,-0.00018,0.71783
11326,0.69611,0.00195,-0.00018,0.71783
11335,0.69611,0.00195,-0.00018,0.71783
11344,0.69611,0.00195,-0.00018,0.71783
11353,0.69611,0.00195,-0.00018,0.71783
11362,0.69611,0.00195,-0.00018,0.71783
11371,0.69611,0.00195,-0.00018,0.71783
11380,0.69611,0.00195,-0.00018,0.71783
11389,0.69611,0.00195,-0.00018,0.71783
11398,0.69611,0.00195,-0.00018,0.71783
11406,0.69611,0.00195,-0.00018,0.71783
11415,0.69611,0.00195,-0.00018,0.71783
11424,0.69611,0.00195,-0.00024,0.71790
11434,0.69611,0.00195,-0.00024,0.71790
11445,0.69611,0.00195,-0.00024,0.71790
11456,0.69611,0.00195,-0.00024,0.71790
11466,0.69611,0.00195,-0.00024,0.71790
11476,0.69611,0.00195,-0.00024,0.71790
11487,0.69611,0.00195,-0.00024,0.71790
11497,0.69611,0.00195,-0.00024,0.71790
11507,0.69611,0.00195,-0.00024,0.71790
11518,0.69611,0.00189,-0.00024,0.71790
11528,0.69611,0.00195,-0.00018,0.71790
11538,0.69611,0.00195,-0.00018,0.71790
11547,0.69611,0.00195,-0.00018,0.71790
11556,0.69611,0.00195,-0.00018,0.71790
11565,0.69611,0.00195,-0.00018,0.71790
11574,0.69611,0.00195,-0.00018,0.71790
11584,0.69611,0.00195,-0.00018,0.71790
11594,0.69611,0.00195,-0.00018,0.71790
11604,0.69611,0.00195,-0.00018,0.71790
11615,0.69611,0.00195,-0.00024,0.71790
11624,0.69611,0.00195,-0.00018,0.71790
11634,0.69611,0.00195,-0.00018,0.71790
11645,0.69611,0.00195,-0.00018,0.71790
11656,0.69611,0.00195,-0.00018,0.71790
11666,0.69611,0.00195,-0.00018,0.71790
11676,0.69611,0.00195,-0.00018,0.71790
11686,0.69611,0.00195,-0.00018,0.71790
11696,0.69611,0.00195,-0.00018,0.71790
11707,0.69611,0.00201,-0.00018,0.71790
11717,0.69611,0.00201,-0.00018,0.71790
11727,0.69611,0.00201,-0.00018,0.71790
11737,0.69611,0.00201,-0.00024,0.71790
11747,0.69611,0.00201,-0.00024,0.71790
11756,0.69611,0.00195,-0.00024,0.71790
11765,0.69611,0.00195,-0.00024,0.71790
11775,0.69611,0.00195,-0.00024,0.71790
11785,0.69611,0.00195,-0.00024,0.71790
11795,0.69611,0.00195,-0.00024,0.71790
11805,0.69611,0.00195,-0.00024,0.71790
11815,0.69611,0.00195,-0.00024,0.71790
11825,0.69611,0.00201,-0.00024,0.71790
11835,0.69611,0.00201,-0.00024,0.71790
11845,0.69611,0.00201,-0.00024,0.71790
11855,0.69611,0.00201,-0.00024,0.71790
11865,0.69611,0.00201,-0.00024,0.71790
11875,0.69604,0.00201,-0.00024,0.71790
11885,0.69604,0.00201,-0.00024,0.71790
11895,0.69604,0.00201,-0.00024,0.71790
11905,0.69604,0.00201,-0.00024,0.71790
11915,0.69604,0.00201,-0.00024,0.71790
11925,0.69604,0.00201,-0.00024,0.71790
11935,0.69604,0.00201,-0.00024,0.71790
11945,0.69604,0.00201,-0.00024,0.71790
11955,0.69604,0.00201,-0.00024,0.71790
11966,0.69604,0.00201,-0.00024,0.71790
11976,0.69604,0.00201,-0.00024,0.71790
11986,0.69604,0.00208,-0.00024,0.71790
11996,0.69604,0.00208,-0.00024,0.71790
12006,0.69604,0.00208,-0.00024,0.71790
12017,0.69604,0.00208,-0.00024,0.71790
12027,0.69604,0.00208,-0.00024,0.71790
12037,0.69604,0.00208,-0.00024,0.71790
12047,0.69604,0.00208,-0.00024,0.71790
12057,0.69604,0.00208,-0.00024,0.71790
12068,0.69604,0.00208,-0.00024,0.71790
12078,0.69604,0.00208,-0.00024,0.71790
12088,0.69604,0.00208,-0.00024,0.71790
12098,0.69604,0.00208,-0.00024,0.71796
12108,0.69604,0.00208,-0.00024,0.71796
12118,0.69604,0.00208,-0.00024,0.71796
12129,0.69604,0.00208,-0.00024,0.71796
12139,0.69604,0.00208,-0.00024,0.71796
12149,0.69604,0.00208,-0.00024,0.71796
12160,0.69604,0.00214,-0.00024,0.71796
12170,0.69604,0.00214,-0.00024,0.71796
12180,0.69604,0.00214,-0.00024,0.71796
12190,0.69604,0.00214,-0.00024,0.71796
12200,0.69604,0.00214,-0.00024,0.71796
12210,0.69604,0.00208,-0.00024,0.71796
12221,0.69604,0.00214,-0.00024,0.71796
12231,0.69604,0.00208,-0.00024,0.71796
12241,0.69604,0.00208,-0.00024,0.71796
12251,0.69604,0.00214,-0.00024,0.71796
12262,0.69604,0.00214,-0.00024,0.71796
12274,0.69604,0.00214,-0.00024,0.71796
12284,0.69604,0.00214,-0.00024,0.71796
12295,0.69604,0.00214,-0.00024,0.71796
12306,0.69604,0.00214,-0.00024,0.71796
12316,0.69604,0.00214,-0.00024,0.71796
12326,0.69604,0.00214,-0.00018,0.71796
12337,0.69604,0.00214,-0.00018,0.71796
12346,0.69604,0.00214,-0.00024,0.71796
12355,0.69598,0.00214,-0.00024,0.71796
12364,0.69604,0.00220,-0.00018,0.71796
12373,0.69598,0.00220,-0.00018,0.71796
12382,0.69598,0.00226,-0.00018,0.71796
12391,0.69604,0.00232,-0.00018,0.71796
12400,0.69598,0.00238,-0.00018,0.71796
12409,0.69598,0.00244,-0.00018,0.71796
12418,0.69598,0.00244,-0.00012,0.71796
12427,0.69598,0.00250,-0.00012,0.71796
12436,0.69598,0.00250,-0.00012,0.71796
12445,0.69598,0.00250,-0.00012,0.71796
12456,0.69598,0.00250,-0.00018,0.71796
12466,0.69598,0.00250,-0.00018,0.71796
12477,0.69598,0.00256,-0.00012,0.71796
12487,0.69598,0.00256,-0.00012,0.71796
12497,0.69598,0.00256,-0.00012,0.71796
12507,0.69598,0.00256,-0.00012,0.71796
12518,0.69598,0.00250,-0.00012,0.71796
12528,0.69598,0.00250,-0.00012,0.71796
12538,0.69598,0.00250,-0.00018,0.71796
12548,0.69598,0.00250,-0.00012,0.71796
12558,0.69598,0.00256,-0.00012,0.71796
12569,0.69598,0.00256,-0.00012,0.71796
12579,0.69598,0.00256,-0.00012,0.71796
12589,0.69598,0.00256,-0.00006,0.71796
12599,0.69598,0.00262,0.00000,0.71796
12609,0.69598,0.00269,0.00006,0.71796
12620,0.69598,0.00275,0.00018,0.71796
12630,0.69604,0.00281,0.00031,0.71796
12640,0.69604,0.00287,0.00037,0.71796
12650,0.69604,0.00287,0.00037,0.71796
12660,0.69604,0.00281,0.00037,0.71796
12671,0.69604,0.00281,0.00037,0.71796
12681,0.69604,0.00269,0.00031,0.71790
12691,0.69604,0.00256,0.00031,0.71790
12701,0.69604,0.00262,0.00049,0.71790
12711,0.69604,0.00269,0.00092,0.71790
12722,0.69611,0.00287,0.00153,0.71790
12733,0.69611,0.00299,0.00208,0.71783
12743,0.69629,0.00305,0.00244,0.71771
12753,0.69666,0.00317,0.00250,0.71735
12762,0.69720,0.00342,0.00256,0.71680
12771,0.69788,0.00360,0.00269,0.71613
12780,0.69861,0.00354,0.00287,0.71545
12789,0.69928,0.00330,0.00311,0.71478
12798,0.69989,0.00330,0.00311,0.71417
12807,0.70068,0.00317,0.00299,0.71338
12816,0.70148,0.00299,0.00299,0.71265
12825,0.70209,0.00287,0.00299,0.71198
12834,0.70270,0.00293,0.00299,0.71143
12845,0.70337,0.00317,0.00299,0.71075
12856,0.70404,0.00342,0.00287,0.71008
12866,0.70459,0.00342,0.00293,0.70953
12877,0.70490,0.00317,0.00317,0.70923
12887,0.70496,0.00281,0.00348,0.70917
12897,0.70490,0.00256,0.00360,0.70923
12907,0.70483,0.00244,0.00360,0.70929
12917,0.70477,0.00232,0.00354,0.70941
12928,0.70465,0.00220,0.00366,0.70947
12938,0.70459,0.00189,0.00391,0.70953
12948,0.70447,0.00146,0.00427,0.70966
12957,0.70441,0.00104,0.00470,0.70972
12966,0.70441,0.00067,0.00519,0.70972
12975,0.70447,0.00049,0.00568,0.70966
12985,0.70465,0.00037,0.00616,0.70947
12995,0.70477,0.00031,0.00671,0.70935
13005,0.70477,0.00024,0.00720,0.70929
13015,0.70477,0.00067,0.00720,0.70935
13025,0.70490,0.00128,0.00665,0.70917
13035,0.70526,0.00189,0.00623,0.70886
13045,0.70563,0.00256,0.00629,0.70850
13056,0.70575,0.00293,0.00671,0.70837
13066,0.70569,0.00305,0.00745,0.70844
13076,0.70551,0.00293,0.00836,0.70862
13086,0.70526,0.00269,0.00958,0.70886
13096,0.70508,0.00232,0.01074,0.70898
13107,0.70502,0.00214,0.01184,0.70898
13117,0.70526,0.00226,0.01294,0.70874
13127,0.70569,0.00275,0.01385,0.70831
13137,0.70618,0.00366,0.01440,0.70782
13148,0.70673,0.00507,0.01471,0.70728
13158,0.70734,0.00665,0.01477,0.70660
13168,0.70807,0.00806,0.01489,0.70587
13178,0.70874,0.00922,0.01538,0.70514
13188,0.70917,0.01013,0.01630,0.70471
13198,0.70911,0.01093,0.01776,0.70477
13209,0.70850,0.01141,0.01953,0.70526
13219,0.70764,0.01141,0.02100,0.70612
13229,0.70673,0.01123,0.02209,0.70697
13239,0.70605,0.01099,0.02277,0.70764
13249,0.70551,0.01086,0.02319,0.70813
13259,0.70502,0.01099,0.02325,0.70862
13270,0.70483,0.01141,0.02307,0.70886
13280,0.70508,0.01227,0.02301,0.70856
13290,0.70581,0.01355,0.02338,0.70782
13300,0.70703,0.01501,0.02441,0.70654
13310,0.70850,0.01660,0.02606,0.70502
13321,0.70984,0.01825,0.02802,0.70349
13331,0.71088,0.01959,0.02979,0.70233
13341,0.71155,0.02039,0.03082,0.70160
13352,0.71185,0.02069,0.03143,0.70123
13362,0.71191,0.02069,0.03204,0.70117
13372,0.71185,0.02063,0.03290,0.70123
13383,0.71179,0.02057,0.03375,0.70123
13393,0.71167,0.02032,0.03467,0.70129
13403,0.71155,0.01990,0.03564,0.70135
13413,0.71161,0.01929,0.03662,0.70129
13424,0.71185,0.01855,0.03760,0.70105
13434,0.71216,0.01776,0.03833,0.70068
13444,0.71240,0.01709,0.03882,0.70038
13454,0.71259,0.01654,0.03894,0.70020
13464,0.71289,0.01630,0.03894,0.69995
13475,0.71307,0.01617,0.03918,0.69977
13485,0.71307,0.01575,0.03992,0.69971
13495,0.71283,0.01514,0.04083,0.69995
13505,0.71222,0.01440,0.04126,0.70050
13516,0.71161,0.01349,0.04071,0.70117
13526,0.71118,0.01257,0.03925,0.70172
13536,0.71100,0.01154,0.03723,0.70209
13546,0.71069,0.01025,0.03510,0.70245
13557,0.71014,0.00848,0.03320,0.70319
13567,0.70898,0.00623,0.03180,0.70441
13577,0.70746,0.00354,0.03070,0.70599
13588,0.70581,0.00067,0.02954,0.70770
13598,0.70435,-0.00177,0.02838,0.70923
13608,0.70312,-0.00348,0.02673,0.71045
13618,0.70251,-0.00427,0.02460,0.71118
13628,0.70264,-0.00433,0.02203,0.71112
13639,0.70331,-0.00391,0.01941,0.71051
13649,0.70428,-0.00342,0.01709,0.70966
13659,0.70520,-0.00348,0.01520,0.70880
13669,0.70587,-0.00415,0.01343,0.70819
13679,0.70618,-0.00525,0.01160,0.70782
13690,0.70636,-0.00635,0.00952,0.70770
13700,0.70654,-0.00739,0.00708,0.70752
13710,0.70685,-0.00812,0.00452,0.70721
13720,0.70728,-0.00873,0.00195,0.70685
13730,0.70789,-0.00934,-0.00067,0.70624
13741,0.70874,-0.00983,-0.00317,0.70532
13751,0.70984,-0.00989,-0.00525,0.70422
13761,0.71100,-0.00934,-0.00677,0.70306
13772,0.71222,-0.00830,-0.00800,0.70178
13782,0.71356,-0.00745,-0.00903,0.70044
13792,0.71478,-0.00757,-0.01013,0.69916
13802,0.71576,-0.00897,-0.01154,0.69812
13812,0.71631,-0.01111,-0.01349,0.69751
13822,0.71625,-0.01337,-0.01593,0.69745
13833,0.71594,-0.01526,-0.01886,0.69769
13843,0.71539,-0.01605,-0.02185,0.69812
13853,0.71472,-0.01556,-0.02466,0.69873
13864,0.71411,-0.01440,-0.02716,0.69928
13874,0.71405,-0.01294,-0.02911,0.69934
13884,0.71466,-0.01154,-0.03058,0.69867
13894,0.71576,-0.01025,-0.03143,0.69751
13905,0.71692,-0.00928,-0.03186,0.69629
13915,0.71783,-0.00885,-0.03235,0.69531
13925,0.71838,-0.00861,-0.03284,0.69476
13936,0.71838,-0.00848,-0.03326,0.69476
13946,0.71777,-0.00848,-0.03375,0.69537
13955,0.71674,-0.00867,-0.03442,0.69635
13965,0.71576,-0.00879,-0.03522,0.69739
13974,0.71521,-0.00885,-0.03644,0.69788
13983,0.71558,-0.00885,-0.03815,0.69739
13992,0.71692,-0.00861,-0.03986,0.69586
14001,0.71863,-0.00848,-0.04120,0.69403
14010,0.72009,-0.00867,-0.04175,0.69250
14019,0.72095,-0.00922,-0.04169,0.69165
14028,0.72101,-0.01007,-0.04114,0.69159
14037,0.72058,-0.01117,-0.04077,0.69202
14046,0.72034,-0.01215,-0.04089,0.69226
14054,0.72076,-0.01300,-0.04163,0.69177
14062,0.72198,-0.01355,-0.04260,0.69037
14070,0.72382,-0.01428,-0.04352,0.68842
14078,0.72589,-0.01562,-0.04431,0.68616
14086,0.72778,-0.01746,-0.04462,0.68408
14095,0.72913,-0.01947,-0.04443,0.68256
14105,0.72998,-0.02106,-0.04407,0.68164
14115,0.73059,-0.02234,-0.04388,0.68097
14125,0.73157,-0.02325,-0.04407,0.67987
14135,0.73334,-0.02344,-0.04449,0.67798
14144,0.73541,-0.02271,-0.04486,0.67566
14155,0.73749,-0.02155,-0.04523,0.67340
14165,0.73956,-0.02063,-0.04559,0.67120
14175,0.74164,-0.02008,-0.04584,0.66882
14185,0.74371,-0.02002,-0.04614,0.66650
14195,0.74548,-0.02051,-0.04626,0.66455
14205,0.74664,-0.02142,-0.04614,0.66321
14215,0.74719,-0.02264,-0.04584,0.66260
14225,0.74731,-0.02405,-0.04547,0.66235
14235,0.74744,-0.02527,-0.04498,0.66229
14245,0.74750,-0.02618,-0.04431,0.66217
14254,0.74780,-0.02716,-0.04346,0.66187
14264,0.74811,-0.02814,-0.04230,0.66156
14275,0.74823,-0.02924,-0.04077,0.66144
14284,0.74799,-0.03052,-0.03906,0.66180
14294,0.74744,-0.03210,-0.03766,0.66248
14304,0.74713,-0.03369,-0.03662,0.66272
14314,0.74744,-0.03485,-0.03583,0.66241
14324,0.74799,-0.03552,-0.03510,0.66174
14334,0.74872,-0.03589,-0.03436,0.66095
14344,0.74945,-0.03625,-0.03363,0.66016
14354,0.75012,-0.03668,-0.03271,0.65942
14365,0.75067,-0.03729,-0.03168,0.65875
14375,0.75134,-0.03809,-0.03064,0.65808
14385,0.75220,-0.03900,-0.02979,0.65704
14395,0.75336,-0.03973,-0.02924,0.65570
14405,0.75470,-0.04010,-0.02893,0.65411
14415,0.75623,-0.04053,-0.02887,0.65240
14425,0.75793,-0.04089,-0.02899,0.65033
14435,0.75977,-0.04102,-0.02911,0.64819
14445,0.76141,-0.04071,-0.02899,0.64630
14455,0.76276,-0.04010,-0.02881,0.64471
14466,0.76392,-0.03906,-0.02856,0.64343
14476,0.76489,-0.03796,-0.02838,0.64240
14486,0.76593,-0.03748,-0.02832,0.64117
14496,0.76733,-0.03741,-0.02844,0.63947
14506,0.76917,-0.03784,-0.02856,0.63721
14516,0.77124,-0.03870,-0.02869,0.63470
14526,0.77319,-0.03973,-0.02844,0.63220
14536,0.77496,-0.04077,-0.02765,0.63000
14546,0.77649,-0.04156,-0.02643,0.62817
14555,0.77759,-0.04211,-0.02490,0.62677
14565,0.77838,-0.04242,-0.02350,0.62579
14575,0.77905,-0.04248,-0.02234,0.62506
14585,0.77979,-0.04242,-0.02155,0.62415
14595,0.78076,-0.04236,-0.02100,0.62299
14605,0.78186,-0.04242,-0.02032,0.62158
14615,0.78284,-0.04266,-0.01941,0.62036
14625,0.78363,-0.04321,-0.01801,0.61945
14636,0.78400,-0.04401,-0.01599,0.61890
14646,0.78418,-0.04480,-0.01361,0.61871
14656,0.78412,-0.04541,-0.01123,0.61877
14666,0.78381,-0.04584,-0.00897,0.61914
14676,0.78339,-0.04614,-0.00690,0.61975
14685,0.78290,-0.04681,-0.00488,0.62030
14697,0.78259,-0.04767,-0.00256,0.62067
14706,0.78229,-0.04871,0.00018,0.62091
14716,0.78204,-0.04993,0.00311,0.62115
14726,0.78168,-0.05096,0.00604,0.62146
14735,0.78131,-0.05151,0.00854,0.62189
14745,0.78101,-0.05127,0.01050,0.62231
14755,0.78064,-0.05005,0.01154,0.62280
14765,0.78046,-0.04773,0.01160,0.62317
14775,0.78070,-0.04462,0.01074,0.62317
14786,0.78149,-0.04114,0.00934,0.62238
14795,0.78302,-0.03766,0.00818,0.62079
14805,0.78485,-0.03442,0.00775,0.61865
14815,0.78656,-0.03162,0.00812,0.61658
14825,0.78778,-0.02942,0.00928,0.61511
14836,0.78851,-0.02795,0.01080,0.61420
14846,0.78882,-0.02728,0.01251,0.61377
14855,0.78882,-0.02734,0.01447,0.61383
14865,0.78845,-0.02808,0.01654,0.61420
14874,0.78790,-0.02942,0.01843,0.61481
14885,0.78735,-0.03101,0.02002,0.61536
14896,0.78699,-0.03235,0.02112,0.61566
14905,0.78680,-0.03259,0.02203,0.61584
14915,0.78674,-0.03149,0.02240,0.61597
14924,0.78705,-0.02930,0.02191,0.61572
14935,0.78778,-0.02655,0.02063,0.61499
14945,0.78888,-0.02405,0.01910,0.61371
14955,0.78998,-0.02209,0.01758,0.61237
14966,0.79065,-0.02100,0.01630,0.61157
14976,0.79083,-0.02087,0.01520,0.61139
14986,0.79053,-0.02130,0.01453,0.61176
14995,0.78986,-0.02155,0.01447,0.61267
15005,0.78912,-0.02124,0.01465,0.61365
15016,0.78864,-0.02045,0.01489,0.61426
15028,0.78845,-0.01923,0.01520,0.61450
15036,0.78827,-0.01868,0.01544,0.61481
15046,0.78772,-0.01917,0.01587,0.61542
15055,0.78680,-0.02094,0.01636,0.61658
15065,0.78540,-0.02368,0.01697,0.61823
15074,0.78351,-0.02655,0.01764,0.62048
15085,0.78137,-0.02863,0.01794,0.62311
15095,0.77954,-0.02942,0.01807,0.62537
15104,0.77832,-0.02869,0.01807,0.62689
15115,0.77771,-0.02716,0.01782,0.62775
15125,0.77728,-0.02539,0.01740,0.62836
15134,0.77679,-0.02380,0.01672,0.62903
15145,0.77618,-0.02252,0.01556,0.62982
15155,0.77551,-0.02161,0.01385,0.63074
15165,0.77490,-0.02106,0.01172,0.63153
15176,0.77429,-0.02051,0.00977,0.63232
15186,0.77374,-0.02039,0.00824,0.63306
15196,0.77283,-0.02069,0.00769,0.63416
15205,0.77142,-0.02112,0.00775,0.63586
15215,0.76959,-0.02142,0.00800,0.63806
15225,0.76770,-0.02142,0.00830,0.64032
15235,0.76599,-0.02075,0.00842,0.64240
15245,0.76447,-0.01953,0.00800,0.64429
15255,0.76306,-0.01813,0.00690,0.64600
15265,0.76196,-0.01678,0.00531,0.64734
15276,0.76123,-0.01575,0.00342,0.64819
15286,0.76068,-0.01459,0.00232,0.64886
15296,0.75995,-0.01288,0.00208,0.64978
15306,0.75879,-0.01105,0.00256,0.65118
15316,0.75732,-0.00916,0.00342,0.65289
15326,0.75580,-0.00751,0.00366,0.65472
15336,0.75452,-0.00647,0.00299,0.65619
15346,0.75372,-0.00592,0.00165,0.65710
15356,0.75336,-0.00574,-0.00031,0.65753
15366,0.75323,-0.00580,-0.00250,0.65771
15376,0.75293,-0.00500,-0.00397,0.65796
15385,0.75250,-0.00336,-0.00476,0.65851
15396,0.75183,-0.00140,-0.00470,0.65930
15406,0.75098,0.00104,-0.00403,0.66022
15416,0.75006,0.00323,-0.00342,0.66132
15426,0.74896,0.00488,-0.00262,0.66254
15436,0.74768,0.00574,-0.00195,0.66394
15446,0.74664,0.00568,-0.00214,0.66510
15456,0.74622,0.00519,-0.00250,0.66565
15466,0.74640,0.00446,-0.00262,0.66541
15476,0.74707,0.00439,-0.00391,0.66461
15487,0.74823,0.00604,-0.00537,0.66333
15497,0.74921,0.00842,-0.00653,0.66223
15507,0.74988,0.01074,-0.00677,0.66144
15517,0.75018,0.01239,-0.00562,0.66107
15527,0.75006,0.01312,-0.00342,0.66113
15537,0.74957,0.01343,-0.00067,0.66168
15547,0.74872,0.01361,0.00195,0.66266
15556,0.74768,0.01373,0.00391,0.66382
15566,0.74658,0.01392,0.00531,0.66504
15576,0.74561,0.01410,0.00641,0.66620
15585,0.74487,0.01410,0.00726,0.66693
15596,0.74445,0.01392,0.00775,0.66742
15606,0.74426,0.01373,0.00806,0.66766
15616,0.74414,0.01361,0.00854,0.66779
15626,0.74390,0.01373,0.00909,0.66803
15636,0.74341,0.01459,0.00983,0.66858
15646,0.74243,0.01611,0.01074,0.66956
15656,0.74103,0.01770,0.01178,0.67108
15667,0.73962,0.01855,0.01166,0.67261
15676,0.73853,0.01917,0.01044,0.67383
15686,0.73767,0.01935,0.00946,0.67474
15697,0.73700,0.01923,0.00879,0.67548
15707,0.73645,0.01868,0.00806,0.67615
15717,0.73578,0.01715,0.00824,0.67688
15727,0.73505,0.01447,0.00922,0.67773
15737,0.73425,0.01129,0.01044,0.67865
15747,0.73334,0.00793,0.01141,0.67963
15756,0.73267,0.00427,0.01172,0.68042
15765,0.73236,0.00073,0.01166,0.68079
15775,0.73236,-0.00214,0.01141,0.68073
15785,0.73267,-0.00427,0.01111,0.68042
15795,0.73322,-0.00598,0.01062,0.67987
15805,0.73389,-0.00732,0.01025,0.67908
15815,0.73462,-0.00836,0.00983,0.67828
15825,0.73541,-0.00934,0.00940,0.67743
15835,0.73602,-0.01025,0.00922,0.67676
15845,0.73633,-0.01105,0.00909,0.67639
15855,0.73639,-0.01172,0.00903,0.67633
15865,0.73639,-0.01239,0.00897,0.67627
15875,0.73639,-0.01288,0.00891,0.67633
15885,0.73639,-0.01337,0.00891,0.67633
15895,0.73633,-0.01385,0.00885,0.67633
15905,0.73633,-0.01440,0.00867,0.67633
15916,0.73633,-0.01483,0.00854,0.67633
15926,0.73639,-0.01520,0.00842,0.67633
15935,0.73639,-0.01544,0.00830,0.67627
15945,0.73633,-0.01562,0.00818,0.67627
15955,0.73633,-0.01587,0.00812,0.67633
15966,0.73633,-0.01617,0.00806,0.67633
15976,0.73633,-0.01636,0.00806,0.67633
15986,0.73633,-0.01648,0.00812,0.67627
15996,0.73639,-0.01660,0.00824,0.67627
16006,0.73639,-0.01666,0.00842,0.67627
16016,0.73639,-0.01672,0.00861,0.67621
16026,0.73639,-0.01678,0.00879,0.67621
16036,0.73639,-0.01697,0.00903,0.67621
16046,0.73645,-0.01733,0.00916,0.67615
16056,0.73645,-0.01782,0.00922,0.67615
16066,0.73645,-0.01837,0.00928,0.67615
16076,0.73639,-0.01898,0.00934,0.67615
16087,0.73639,-0.01941,0.00946,0.67615
16096,0.73639,-0.01978,0.00958,0.67615
16106,0.73633,-0.02032,0.00970,0.67615
16116,0.73627,-0.02112,0.00989,0.67627
16126,0.73584,-0.02313,0.00861,0.67664
16137,0.73462,-0.02588,0.00739,0.67786
16146,0.73285,-0.02594,0.00824,0.67981
16156,0.73108,-0.02545,0.00836,0.68170
16166,0.72998,-0.02655,0.00684,0.68286
16176,0.72974,-0.02850,0.00592,0.68304
16186,0.72968,-0.02930,0.00696,0.68304
16196,0.72961,-0.02887,0.00775,0.68311
16206,0.72949,-0.02875,0.00720,0.68329
16216,0.72931,-0.02936,0.00647,0.68347
16226,0.72925,-0.02991,0.00665,0.68347
16236,0.72925,-0.02966,0.00726,0.68347
16246,0.72925,-0.02948,0.00732,0.68353
16256,0.72919,-0.02985,0.00708,0.68359
16267,0.72913,-0.03015,0.00708,0.68359
16276,0.72913,-0.03009,0.00726,0.68359
16286,0.72913,-0.03003,0.00739,0.68365
16296,0.72913,-0.03027,0.00739,0.68365
16306,0.72906,-0.03040,0.00739,0.68365
16317,0.72906,-0.03040,0.00745,0.68365
16327,0.72906,-0.03046,0.00751,0.68365
16336,0.72906,-0.03058,0.00763,0.68365
16346,0.72900,-0.03064,0.00763,0.68372
16358,0.72900,-0.03070,0.00769,0.68372
16367,0.72900,-0.03076,0.00775,0.68372
16376,0.72900,-0.03088,0.00781,0.68372
16386,0.72894,-0.03094,0.00787,0.68372
16396,0.72894,-0.03101,0.00793,0.68378
16407,0.72894,-0.03107,0.00800,0.68378
16417,0.72894,-0.03113,0.00806,0.68378
16427,0.72894,-0.03119,0.00812,0.68378
16436,0.72888,-0.03125,0.00818,0.68378
16446,0.72888,-0.03131,0.00824,0.68378
16456,0.72888,-0.03137,0.00830,0.68378
16468,0.72888,-0.03143,0.00836,0.68384
16478,0.72888,-0.03149,0.00842,0.68384
16488,0.72888,-0.03156,0.00842,0.68384
16498,0.72882,-0.03162,0.00848,0.68384
16507,0.72882,-0.03168,0.00854,0.68384
16518,0.72882,-0.03174,0.00861,0.68384
16528,0.72882,-0.03180,0.00867,0.68384
16538,0.72882,-0.03186,0.00873,0.68390
16548,0.72876,-0.03192,0.00879,0.68390
16558,0.72876,-0.03198,0.00885,0.68390
16568,0.72876,-0.03198,0.00891,0.68390
16578,0.72876,-0.03204,0.00897,0.68390
16588,0.72876,-0.03210,0.00903,0.68390
16598,0.72876,-0.03217,0.00903,0.68390
16608,0.72876,-0.03223,0.00909,0.68390
16618,0.72876,-0.03229,0.00916,0.68390
16628,0.72876,-0.03235,0.00922,0.68390
16638,0.72876,-0.03241,0.00928,0.68390
16648,0.72876,-0.03241,0.00934,0.68390
16658,0.72876,-0.03247,0.00940,0.68390
16667,0.72870,-0.03253,0.00946,0.68390
16677,0.72870,-0.03259,0.00946,0.68390
16687,0.72870,-0.03265,0.00952,0.68390
16696,0.72870,-0.03265,0.00958,0.68390
16706,0.72870,-0.03271,0.00958,0.68390
16716,0.72870,-0.03278,0.00964,0.68390
16726,0.72870,-0.03278,0.00970,0.68390
16737,0.72870,-0.03284,0.00977,0.68390
16747,0.72870,-0.03290,0.00983,0.68390
16757,0.72870,-0.03290,0.00983,0.68396
16766,0.72870,-0.03296,0.00989,0.68396
16776,0.72864,-0.03302,0.00995,0.68396
16786,0.72864,-0.03302,0.00995,0.68396
16797,0.72864,-0.03308,0.01001,0.68396
16809,0.72864,-0.03314,0.01007,0.68396
16817,0.72864,-0.03320,0.01007,0.68396
16827,0.72864,-0.03320,0.01013,0.68396
16837,0.72864,-0.03326,0.01019,0.68396
16847,0.72864,-0.03326,0.01025,0.68396
16857,0.72864,-0.03333,0.01025,0.68396
16866,0.72864,-0.03339,0.01031,0.68396
16876,0.72864,-0.03345,0.01038,0.68396
16887,0.72864,-0.03345,0.01038,0.68396
16897,0.72864,-0.03351,0.01044,0.68396
16907,0.72864,-0.03351,0.01050,0.68396
16917,0.72864,-0.03357,0.01056,0.68396
16926,0.72864,-0.03363,0.01056,0.68396
16936,0.72864,-0.03363,0.01062,0.68396
16947,0.72864,-0.03363,0.01062,0.68396
16957,0.72864,-0.03369,0.01068,0.68396
16967,0.72858,-0.03369,0.01074,0.68396
16977,0.72858,-0.03375,0.01074,0.68396
16987,0.72858,-0.03375,0.01080,0.68396
16997,0.72858,-0.03381,0.01086,0.68396
17007,0.72858,-0.03381,0.01086,0.68396
17017,0.72858,-0.03387,0.01093,0.68396
17027,0.72858,-0.03387,0.01093,0.68396
17037,0.72858,-0.03394,0.01099,0.68396
17046,0.72858,-0.03394,0.01099,0.68396
17057,0.72858,-0.03400,0.01105,0.68396
17066,0.72858,-0.03406,0.01111,0.68396
17076,0.72858,-0.03406,0.01111,0.68396
17086,0.72858,-0.03412,0.01117,0.68396
17096,0.72858,-0.03418,0.01117,0.68396
17106,0.72858,-0.03418,0.01123,0.68396
17116,0.72852,-0.03424,0.01123,0.68396
17126,0.72852,-0.03424,0.01129,0.68396
17136,0.72852,-0.03430,0.01135,0.68396
17146,0.72852,-0.03430,0.01135,0.68402
17156,0.72852,-0.03430,0.01141,0.68402
17166,0.72852,-0.03436,0.01141,0.68402
17176,0.72852,-0.03442,0.01147,0.68402
17186,0.72852,-0.03442,0.01147,0.68402
17196,0.72852,-0.03448,0.01154,0.68402
17206,0.72852,-0.03448,0.01160,0.68402
17216,0.72852,-0.03448,0.01160,0.68402
17226,0.72852,-0.03455,0.01166,0.68402
17236,0.72852,-0.03455,0.01166,0.68402
17246,0.72852,-0.03461,0.01172,0.68402
17256,0.72852,-0.03461,0.01172,0.68402
17267,0.72852,-0.03467,0.01178,0.68402
17277,0.72852,-0.03467,0.01178,0.68402
17287,0.72852,-0.03467,0.01184,0.68402
17297,0.72852,-0.03473,0.01184,0.68402
17307,0.72852,-0.03473,0.01190,0.68402
17317,0.72852,-0.03479,0.01190,0.68402
17327,0.72852,-0.03479,0.01196,0.68402
17337,0.72852,-0.03485,0.01196,0.68402
17347,0.72845,-0.03485,0.01202,0.68402
17357,0.72845,-0.03491,0.01202,0.68402
17367,0.72845,-0.03491,0.01208,0.68402
17381,0.72845,-0.03491,0.01208,0.68402
17389,0.72852,-0.03497,0.01215,0.68402
17397,0.72845,-0.03497,0.01215,0.68402
17407,0.72845,-0.03503,0.01221,0.68402
17417,0.72845,-0.03503,0.01221,0.68402
17427,0.72845,-0.03503,0.01221,0.68402
17437,0.72845,-0.03510,0.01227,0.68402
17447,0.72845,-0.03510,0.01227,0.68402
17457,0.72845,-0.03516,0.01233,0.68402
17467,0.72845,-0.03516,0.01233,0.68402
17477,0.72845,-0.03516,0.01239,0.68402
17487,0.72845,-0.03522,0.01239,0.68402
17497,0.72845,-0.03522,0.01245,0.68402
17507,0.72845,-0.03522,0.01245,0.68402
17517,0.72845,-0.03528,0.01245,0.68402
17527,0.72845,-0.03528,0.01251,0.68402
17537,0.72845,-0.03528,0.01251,0.68402
17547,0.72845,-0.03534,0.01257,0.68402
17557,0.72845,-0.03534,0.01257,0.68402
17566,0.72845,-0.03534,0.01263,0.68402
17577,0.72845,-0.03534,0.01263,0.68402
17586,0.72845,-0.03540,0.01270,0.68402
17596,0.72845,-0.03540,0.01270,0.68402
17607,0.72845,-0.03540,0.01276,0.68402
17616,0.72845,-0.03540,0.01276,0.68402
17626,0.72845,-0.03540,0.01276,0.68402
17637,0.72845,-0.03546,0.01282,0.68402
17646,0.72845,-0.03546,0.01282,0.68402
17657,0.72845,-0.03546,0.01282,0.68402
17667,0.72839,-0.03552,0.01288,0.68402
17677,0.72839,-0.03552,0.01288,0.68402
17687,0.72839,-0.03552,0.01288,0.68402
17697,0.72839,-0.03558,0.01294,0.68402
17707,0.72839,-0.03558,0.01294,0.68402
17718,0.72839,-0.03558,0.01300,0.68402
17727,0.72839,-0.03558,0.01300,0.68402
17737,0.72839,-0.03564,0.01300,0.68402
17747,0.72839,-0.03564,0.01306,0.68402
17757,0.72839,-0.03564,0.01306,0.68402
17766,0.72839,-0.03571,0.01312,0.68402
17777,0.72839,-0.03571,0.01312,0.68402
17786,0.72839,-0.03571,0.01312,0.68402
17796,0.72839,-0.03571,0.01318,0.68402
17807,0.72839,-0.03577,0.01318,0.68402
17816,0.72839,-0.03577,0.01324,0.68402
17827,0.72839,-0.03577,0.01324,0.68402
17837,0.72839,-0.03577,0.01324,0.68402
17846,0.72839,-0.03583,0.01324,0.68402
17857,0.72839,-0.03583,0.01331,0.68402
17867,0.72839,-0.03583,0.01331,0.68402
17877,0.72839,-0.03583,0.01331,0.68402
17887,0.72839,-0.03589,0.01337,0.68402
17897,0.72839,-0.03589,0.01337,0.68402
17907,0.72839,-0.03589,0.01343,0.68402
17918,0.72839,-0.03589,0.01343,0.68402
17928,0.72839,-0.03589,0.01343,0.68402
17937,0.72839,-0.03595,0.01349,0.68402
17947,0.72839,-0.03595,0.01349,0.68402
17957,0.72839,-0.03595,0.01349,0.68402
17967,0.72839,-0.03601,0.01355,0.68402
17978,0.72839,-0.03601,0.01355,0.68402
17988,0.72839,-0.03601,0.01355,0.68402
17998,0.72839,-0.03607,0.01361,0.68402
18007,0.72839,-0.03607,0.01361,0.68402
18017,0.72839,-0.03607,0.01361,0.68402
18028,0.72839,-0.03613,0.01367,0.68402
18038,0.72839,-0.03613,0.01367,0.68402
18048,0.72839,-0.03613,0.01367,0.68402
18057,0.72839,-0.03613,0.01373,0.68402
18067,0.72839,-0.03613,0.01373,0.68402
18077,0.72839,-0.03619,0.01373,0.68402
18088,0.72839,-0.03619,0.01379,0.68402
18098,0.72833,-0.03619,0.01379,0.68402
18108,0.72833,-0.03619,0.01379,0.68402
18118,0.72833,-0.03625,0.01385,0.68402
18127,0.72833,-0.03625,0.01385,0.68402
18137,0.72833,-0.03625,0.01385,0.68402
18148,0.72833,-0.03625,0.01385,0.68402
18158,0.72833,-0.03632,0.01385,0.68402
18168,0.72833,-0.03632,0.01392,0.68408
18178,0.72833,-0.03632,0.01392,0.68408
18189,0.72833,-0.03632,0.01392,0.68408
18199,0.72833,-0.03632,0.01392,0.68408
18209,0.72833,-0.03638,0.01398,0.68408
18219,0.72833,-0.03638,0.01398,0.68408
18229,0.72833,-0.03638,0.01398,0.68408
18239,0.72833,-0.03638,0.01398,0.68408
18249,0.72833,-0.03638,0.01404,0.68408
18259,0.72833,-0.03638,0.01404,0.68408
18267,0.72833,-0.03644,0.01404,0.68408
18277,0.72833,-0.03644,0.01404,0.68408
18287,0.72833,-0.03644,0.01404,0.68402
18297,0.72833,-0.03650,0.01404,0.68408
18307,0.72833,-0.03650,0.01404,0.68408
18316,0.72833,-0.03650,0.01404,0.68408
18327,0.72833,-0.03650,0.01410,0.68408
18336,0.72833,-0.03650,0.01410,0.68408
18347,0.72833,-0.03656,0.01410,0.68408
18357,0.72833,-0.03656,0.01410,0.68408
18368,0.72833,-0.03656,0.01410,0.68408
18378,0.72833,-0.03656,0.01416,0.68408
18388,0.72833,-0.03656,0.01416,0.68408
18398,0.72833,-0.03662,0.01416,0.68408
18408,0.72833,-0.03662,0.01416,0.68408
18418,0.72833,-0.03662,0.01416,0.68408
18428,0.72833,-0.03662,0.01422,0.68408
18439,0.72833,-0.03668,0.01422,0.68408
18449,0.72833,-0.03668,0.01422,0.68408
18458,0.72833,-0.03668,0.01428,0.68408
18468,0.72833,-0.03668,0.01428,0.68408
18478,0.72833,-0.03668,0.01428,0.68408
18488,0.72827,-0.03668,0.01428,0.68408
18497,0.72827,-0.03668,0.01434,0.68408
18507,0.72827,-0.03668,0.01434,0.68408
18518,0.72827,-0.03674,0.01434,0.68408
18528,0.72827,-0.03674,0.01434,0.68408
18538,0.72827,-0.03674,0.01440,0.68408
18548,0.72827,-0.03674,0.01440,0.68408
18558,0.72827,-0.03674,0.01440,0.68408
18567,0.72827,-0.03674,0.01440,0.68408
18577,0.72827,-0.03674,0.01440,0.68408
18587,0.72827,-0.03680,0.01440,0.68408
18597,0.72827,-0.03680,0.01440,0.68408
18607,0.72827,-0.03680,0.01447,0.68408
18617,0.72827,-0.03680,0.01447,0.68408
18627,0.72827,-0.03680,0.01447,0.68408
18637,0.72827,-0.03687,0.01447,0.68408
18647,0.72827,-0.03687,0.01453,0.68408
18657,0.72827,-0.03687,0.01453,0.68408
18667,0.72827,-0.03687,0.01453,0.68408
18677,0.72827,-0.03693,0.01453,0.68408
18687,0.72827,-0.03693,0.01459,0.68408
18697,0.72827,-0.03693,0.01459,0.68408
18707,0.72827,-0.03693,0.01459,0.68408
18717,0.72827,-0.03693,0.01465,0.68408
18727,0.72827,-0.03699,0.01465,0.68408
18737,0.72827,-0.03699,0.01465,0.68408
18748,0.72827,-0.03705,0.01465,0.68408
18757,0.72827,-0.03705,0.01465,0.68408
18768,0.72827,-0.03705,0.01471,0.68408
18778,0.72827,-0.03711,0.01471,0.68408
18788,0.72821,-0.03711,0.01471,0.68408
18798,0.72821,-0.03711,0.01477,0.68408
18808,0.72821,-0.03717,0.01477,0.68408
18818,0.72821,-0.03717,0.01477,0.68408
18828,0.72821,-0.03717,0.01483,0.68408
18838,0.72821,-0.03723,0.01483,0.68408
18848,0.72827,-0.03723,0.01483,0.68408
18858,0.72821,-0.03723,0.01483,0.68408
18867,0.72821,-0.03729,0.01489,0.68408
18877,0.72821,-0.03729,0.01489,0.68408
18887,0.72821,-0.03729,0.01489,0.68408
18897,0.72821,-0.03735,0.01489,0.68408
18908,0.72821,-0.03735,0.01495,0.68408
18917,0.72821,-0.03735,0.01495,0.68408
18927,0.72821,-0.03741,0.01501,0.68408
18938,0.72821,-0.03741,0.01501,0.68408
18947,0.72821,-0.03741,0.01501,0.68408
18957,0.72821,-0.03748,0.01508,0.68414
18968,0.72821,-0.03748,0.01508,0.68414
18978,0.72821,-0.03754,0.01514,0.68414
18988,0.72821,-0.03754,0.01514,0.68414
18998,0.72821,-0.03760,0.01520,0.68408
19008,0.72821,-0.03760,0.01520,0.68408
19018,0.72821,-0.03766,0.01526,0.68414
19028,0.72815,-0.03772,0.01526,0.68414
19038,0.72815,-0.03778,0.01532,0.68414
19048,0.72815,-0.03778,0.01532,0.68414
19058,0.72815,-0.03784,0.01538,0.68414
19069,0.72815,-0.03790,0.01544,0.68414
19078,0.72815,-0.03790,0.01544,0.68414
19088,0.72815,-0.03796,0.01550,0.68414
19098,0.72815,-0.03802,0.01550,0.68414
19109,0.72815,-0.03802,0.01556,0.68414
19118,0.72815,-0.03802,0.01556,0.68414
19128,0.72815,-0.03802,0.01562,0.68414
19138,0.72815,-0.03809,0.01562,0.68414
19148,0.72815,-0.03809,0.01569,0.68414
19158,0.72815,-0.03815,0.01569,0.68414
19169,0.72809,-0.03815,0.01569,0.68414
19179,0.72809,-0.03815,0.01569,0.68414
19189,0.72809,-0.03815,0.01569,0.68414
19199,0.72809,-0.03815,0.01569,0.68414
19209,0.72809,-0.03821,0.01569,0.68414
19220,0.72809,-0.03821,0.01575,0.68414
19230,0.72809,-0.03821,0.01575,0.68414
19240,0.72809,-0.03821,0.01575,0.68414
19249,0.72809,-0.03821,0.01575,0.68414
19259,0.72809,-0.03821,0.01575,0.68414
19267,0.72809,-0.03821,0.01581,0.68414
19278,0.72809,-0.03821,0.01581,0.68414
19288,0.72809,-0.03827,0.01581,0.68414
19297,0.72815,-0.03827,0.01581,0.68414
19307,0.72815,-0.03827,0.01581,0.68414
19318,0.72809,-0.03827,0.01587,0.68414
19328,0.72809,-0.03827,0.01581,0.68414
19337,0.72809,-0.03827,0.01569,0.68414
19347,0.72809,-0.03827,0.01556,0.68420
19358,0.72809,-0.03833,0.01556,0.68420
19369,0.72809,-0.03833,0.01562,0.68420
19378,0.72809,-0.03833,0.01562,0.68420
19388,0.72809,-0.03833,0.01562,0.68420
19398,0.72809,-0.03833,0.01562,0.68420
19408,0.72809,-0.03833,0.01569,0.68420
19418,0.72809,-0.03833,0.01569,0.68420
19428,0.72809,-0.03833,0.01575,0.68420
19438,0.72803,-0.03833,0.01569,0.68420
19448,0.72803,-0.03833,0.01562,0.68420
19458,0.72803,-0.03833,0.01562,0.68420
19468,0.72803,-0.03833,0.01562,0.68420
19478,0.72803,-0.03833,0.01562,0.68420
19488,0.72803,-0.03833,0.01569,0.68420
19499,0.72809,-0.03833,0.01569,0.68420
19509,0.72809,-0.03833,0.01575,0.68420
19519,0.72809,-0.03833,0.01587,0.68414
19529,0.72809,-0.03833,0.01593,0.68414
19539,0.72809,-0.03833,0.01593,0.68414
19548,0.72809,-0.03839,0.01599,0.68414
19559,0.72809,-0.03839,0.01593,0.68414
19568,0.72809,-0.03839,0.01587,0.68414
19578,0.72809,-0.03839,0.01575,0.68414
19588,0.72809,-0.03845,0.01562,0.68414
19597,0.72809,-0.03845,0.01550,0.68420
19608,0.72809,-0.03851,0.01538,0.68414
19618,0.72809,-0.03851,0.01532,0.68414
19628,0.72809,-0.03857,0.01526,0.68414
19638,0.72809,-0.03857,0.01526,0.68414
19647,0.72809,-0.03857,0.01544,0.68414
19658,0.72809,-0.03851,0.01562,0.68414
19669,0.72815,-0.03845,0.01569,0.68414
19679,0.72809,-0.03857,0.01575,0.68414
19688,0.72809,-0.03870,0.01581,0.68414
19698,0.72809,-0.03864,0.01587,0.68414
19708,0.72809,-0.03870,0.01593,0.68414
19718,0.72803,-0.03876,0.01599,0.68420
19728,0.72803,-0.03876,0.01605,0.68420
19738,0.72809,-0.03870,0.01617,0.68414
19748,0.72809,-0.03870,0.01636,0.68414
19759,0.72809,-0.03864,0.01648,0.68414
19769,0.72809,-0.03857,0.01660,0.68414
19779,0.72809,-0.03864,0.01666,0.68408
19789,0.72815,-0.03864,0.01678,0.68408
19799,0.72815,-0.03864,0.01691,0.68408
19809,0.72815,-0.03864,0.01703,0.68402
19819,0.72821,-0.03870,0.01715,0.68402
19829,0.72827,-0.03876,0.01721,0.68396
19838,0.72827,-0.03876,0.01740,0.68390
19848,0.72833,-0.03876,0.01764,0.68384
19859,0.72839,-0.03882,0.01794,0.68378
19869,0.72839,-0.03894,0.01819,0.68372
19879,0.72845,-0.03900,0.01843,0.68365
19889,0.72845,-0.03906,0.01862,0.68365
19898,0.72852,-0.03912,0.01886,0.68359
19908,0.72852,-0.03918,0.01904,0.68353
19919,0.72858,-0.03925,0.01923,0.68353
19929,0.72858,-0.03931,0.01935,0.68347
19939,0.72858,-0.03937,0.01947,0.68347
19949,0.72858,-0.03949,0.01953,0.68347
19959,0.72858,-0.03955,0.01947,0.68347
19969,0.72864,-0.03967,0.01947,0.68341
19979,0.72864,-0.03979,0.01947,0.68341
19989,0.72870,-0.03992,0.01935,0.68335
19998,0.72870,-0.03998,0.01923,0.68335
20010,0.72870,-0.04010,0.01910,0.68335
20018,0.72870,-0.04028,0.01880,0.68335
20029,0.72870,-0.04053,0.01837,0.68335
20039,0.72864,-0.04071,0.01801,0.68335
20049,0.72864,-0.04095,0.01764,0.68341
20059,0.72858,-0.04114,0.01740,0.68347
20069,0.72852,-0.04138,0.01721,0.68353
20079,0.72839,-0.04163,0.01709,0.68359
20088,0.72833,-0.04187,0.01709,0.68365
20099,0.72833,-0.04205,0.01715,0.68365
20109,0.72833,-0.04218,0.01727,0.68359
20119,0.72839,-0.04230,0.01746,0.68359
20129,0.72839,-0.04242,0.01764,0.68353
20139,0.72845,-0.04260,0.01776,0.68347
20149,0.72845,-0.04279,0.01776,0.68347
20159,0.72845,-0.04303,0.01776,0.68341
20168,0.72852,-0.04321,0.01776,0.68335
20178,0.72852,-0.04346,0.01788,0.68335
20188,0.72858,-0.04376,0.01794,0.68329
20198,0.72864,-0.04407,0.01813,0.68317
20209,0.72864,-0.04437,0.01837,0.68311
20218,0.72870,-0.04468,0.01868,0.68304
20228,0.72876,-0.04486,0.01917,0.68292
20238,0.72888,-0.04498,0.01965,0.68286
20248,0.72894,-0.04523,0.02008,0.68274
20258,0.72900,-0.04535,0.02057,0.68262
20269,0.72913,-0.04541,0.02100,0.68250
20280,0.72925,-0.04541,0.02142,0.68237
20290,0.72931,-0.04547,0.02185,0.68225
20300,0.72937,-0.04553,0.02216,0.68219
