time,accx,accy,accz
7,    49,   -77,  -195
12,    33,   -71,  -186
17,    15,   -48,  -123
22,   -16,    -2,  -118
26,   -12,     8,   -94
31,   -18,    13,  -114
36,   -16,    23,  -108
41,   -20,    34,  -124
45,   -22,    25,  -127
50,   -22,     9,  -156
55,    -2,   -25,  -140
60,    -2,    -9,  -141
65,   -18,    36,  -119
70,   -42,    86,  -140
75,   -44,   111,  -143
80,   -34,   108,  -138
85,   -11,    39,  -179
90,    60,   -83,  -179
95,    81,  -209,   -87
99,    81,  -203,  -147
104,    75,  -146,  -173
109,    73,   -88,  -177
114,    54,   -84,  -211
119,   190,  -225,  -373
124,     1,    43,  -231
128,  -129,   132,  -303
133,  -101,   124,    54
138,   -43,    90,   128
147,   -45,    65,  -143
157,   -39,    53,  -101
167,   -21,    37,   -61
177,   -11,    38,  -156
187,    -1,    37,  -132
197,     7,    43,  -110
207,    15,    28,  -148
217,    26,    22,  -131
227,    27,    26,   -95
237,    27,    35,  -138
247,    16,    29,  -172
257,    11,    17,  -200
267,    16,     2,  -197
277,    -5,    -1,  -189
287,   -21,     0,  -170
297,   -21,    -1,  -158
307,   -22,    -2,  -164
317,   -23,    -5,  -140
327,   -19,   -11,   -89
337,   -13,    -1,  -113
347,   -15,    16,  -133
357,    -8,    27,  -104
367,    -2,    35,   -78
377,    -8,    27,  -110
387,   -11,     5,  -117
397,   -11,   -18,  -107
407,   -12,   -31,  -130
417,    -2,   -39,  -133
427,    -2,   -26,  -122
437,    -9,    -8,  -138
447,   -19,     4,  -142
457,   -21,    10,  -140
467,   -14,    12,  -145
477,    -7,    10,  -140
487,    -1,    14,  -131
498,    -3,    14,  -137
507,   -11,    17,  -137
517,   -12,    21,  -134
527,    -9,    18,  -135
537,    -7,    23,  -129
547,    -8,    16,  -127
557,    -9,     8,  -128
568,   -12,    -6,  -131
578,   -13,   -13,  -132
587,   -14,   -14,  -137
597,   -14,   -13,  -133
607,   -10,    -4,  -134
617,    -9,     1,  -136
627,     0,    13,  -146
637,     2,    29,  -163
647,     0,    43,  -125
657,     1,    47,  -120
667,    -5,    40,  -134
677,   -13,    23,  -133
688,   -12,    12,  -128
697,   -12,     2,  -147
707,   -10,    -5,  -141
721,    -8,    -5,  -137
731,    -7,    -4,  -156
741,    -9,     1,  -150
752,   -12,     9,  -134
762,   -16,    19,  -130
772,   -10,    22,  -127
782,    -3,    21,  -138
792,    -3,    13,  -145
801,    -5,     1,  -136
811,    -3,    -3,  -140
820,    -3,     0,  -136
829,     1,     7,  -129
840,     3,    11,  -134
850,     1,    12,  -137
860,     0,    13,  -136
870,     0,    12,  -140
880,     1,     9,  -148
890,     0,     5,  -145
900,    -7,     4,  -139
910,    -7,     4,  -133
920,    -3,     4,  -132
930,    -6,     6,  -135
940,    -5,    12,  -134
950,    -4,    16,  -133
960,    -5,    13,  -131
970,    -3,    14,  -128
980,    -4,     6,  -133
990,    -1,     0,  -139
1000,    -1,     0,  -142
1010,    -2,     2,  -141
1020,    -1,     3,  -135
1030,    -3,     4,  -134
1040,    -6,     9,  -139
1050,    -5,    12,  -138
1060,    -9,     9,  -138
1070,   -14,     9,  -132
1080,   -13,     8,  -131
1090,   -14,     3,  -132
1100,   -13,     2,  -137
1110,   -11,     8,  -137
1120,   -15,    10,  -133
1130,   -13,    14,  -131
1140,   -12,    17,  -134
1150,    -7,    16,  -139
1160,    -4,    12,  -129
1170,    -3,     8,  -130
1180,    -4,     9,  -127
1190,    -7,     6,  -132
1200,    -4,    14,  -135
1210,    -9,    15,  -131
1218,   -11,    14,  -128
1228,   -11,    11,  -131
1238,    -4,    11,  -132
1248,    -2,    11,  -135
1258,    -3,     8,  -136
1268,    -5,     9,  -133
1278,    -7,     7,  -130
1288,    -7,     9,  -134
1298,    -5,     8,  -138
1308,    -2,     3,  -132
1318,     0,     5,  -129
1328,    -6,     5,  -129
1338,    -8,     9,  -131
1348,    -5,     7,  -128
1358,    -2,    -1,  -129
1368,    -4,    -6,  -134
1378,    -2,     1,  -138
1388,    -4,     5,  -137
1398,    -7,     5,  -124
1408,   -13,     9,  -127
1418,   -12,     7,  -132
1428,   -13,     2,  -124
1438,    -9,     1,  -123
1448,   -10,     0,  -132
1458,   -10,    -4,  -135
1468,   -12,    -9,  -133
1478,   -12,    -5,  -124
1488,   -10,    -2,  -136
1498,   -11,     7,  -139
1508,   -10,     9,  -139
1518,    -7,     4,  -139
1528,    -7,     1,  -143
1538,    -8,     0,  -145
1548,    -7,     1,  -139
1558,    -7,     2,  -134
1568,   -10,    10,  -132
1578,    -9,    15,  -135
1588,    -6,    18,  -133
1598,    -3,    17,  -132
1608,    -3,    15,  -140
1618,    -4,    16,  -135
1628,     0,     6,  -130
1638,    -1,     1,  -131
1648,    -4,    -2,  -133
1658,     0,    -5,  -135
1668,     1,    -6,  -142
1678,     0,     0,  -144
1688,    -2,     7,  -143
1698,    -5,    14,  -143
1708,    -8,    15,  -148
1718,    -8,    18,  -149
1728,   -10,    19,  -151
1738,    -9,    16,  -154
1748,    -5,    18,  -146
1758,    -7,    19,  -141
1768,    -9,    16,  -145
1778,   -12,    16,  -135
1788,   -12,     4,  -140
1798,    -9,    -3,  -150
1808,    -4,     0,  -146
1818,    -1,     8,  -139
1828,    -3,    12,  -135
1838,    -8,    19,  -131
1848,   -13,    25,  -130
1858,   -14,    26,  -129
1868,   -12,    16,  -131
1878,    -9,     6,  -131
1888,   -10,    -4,  -131
1898,   -12,   -10,  -135
1909,   -14,    -7,  -136
1918,    -9,     0,  -133
1932,    -8,    17,  -123
1945,    -8,    32,  -126
1953,   -10,    41,  -126
1961,   -10,    34,  -127
1972,   -10,    12,  -140
1982,   -13,    -8,  -143
1992,   -11,   -19,  -140
2001,   -12,   -22,  -143
2011,   -12,   -13,  -150
2021,   -10,     2,  -141
2031,    -9,    14,  -142
2041,   -10,    24,  -145
2051,    -4,    27,  -143
2061,    -6,    20,  -141
2070,    -8,     5,  -142
2081,    -8,    -5,  -143
2091,    -9,    -8,  -142
2101,   -11,    -8,  -145
2111,   -12,     0,  -143
2121,   -13,     3,  -135
2131,   -15,     8,  -136
2141,   -13,     9,  -126
2151,   -10,    15,  -121
2161,   -10,    21,  -127
2171,   -10,    23,  -127
2181,    -8,    13,  -128
2191,    -6,     6,  -134
2201,    -4,    -2,  -118
2211,    -9,    -5,  -115
2221,   -10,     7,  -117
2231,    -4,     9,  -152
2241,    -5,    18,  -150
2251,     6,    21,  -143
2261,    -2,    18,  -117
2271,   -12,    20,  -124
2281,   -24,    10,  -126
2291,   -28,     2,  -123
2301,   -34,    17,  -158
2311,   -33,    35,  -204
2321,   -32,    45,  -149
2331,   -39,    44,  -147
2341,   -38,    39,  -151
2351,   -33,    19,  -116
2361,   -20,     4,  -108
2371,   -18,    -9,  -139
2381,   -20,   -17,  -146
2391,   -15,   -10,  -139
2401,   -18,    -3,  -132
2411,   -21,    13,  -148
2421,   -16,    22,  -135
2431,    -8,    22,  -119
2441,    -6,    11,  -122
2451,    -3,    -4,  -125
2461,    -1,   -12,  -120
2471,    -2,   -15,  -127
2481,    -3,    -3,  -124
2492,    -8,     4,  -139
2501,   -11,     9,  -125
2511,    -7,    11,  -128
2522,    -7,    15,  -112
2531,    -7,    24,  -124
2541,   -10,    33,  -130
2551,   -20,    56,  -136
2561,   -20,    56,  -137
2571,   -18,    33,  -131
2581,   -24,    69,  -144
2591,   -20,   151,  -173
2601,     1,   113,  -162
2611,    12,    18,  -135
2621,    12,    28,  -168
2632,    -2,    39,  -188
2641,    -5,   -66,  -165
2651,     7,  -116,  -167
2661,    11,    -6,  -170
2672,    20,    91,  -180
2681,     8,   -15,  -185
2691,    29,   -88,  -208
2701,    41,   -99,  -236
2711,    90,   -95,  -311
2721,   150,  -116,  -363
2732,   243,  -187,  -444
2742,   305,  -142,  -638
2751,   288,    57,  -845
2761,   202,   295,  -886
2772,   257,   310,  -801
2781,   368,   177,  -650
2791,   453,    52,  -539
2801,   603,   -28,  -565
2812,   792,  -134,  -692
2822,   931,  -231,  -779
2831,  1001,  -325,  -774
2841,  1079,  -494,  -675
2852,  1137,  -637,  -515
2861,  1238,  -779,  -408
2871,  1491,  -956,  -495
2882,  1769,  -949,  -756
2891,  1875,  -676,  -993
2901,  1771,  -223, -1058
2912,  1738,    13, -1028
2922,  1757,    -6,  -991
2932,  1739,  -103,  -963
2942,  1680,  -153,  -939
2952,  1646,   -99,  -915
2961,  1596,    52,  -892
2971,  1542,   268,  -876
2982,  1579,   402,  -945
2992,  1663,   412, -1049
3001,  1600,   424, -1052
3012,  1444,   402,  -944
3022,  1263,   340,  -720
3030,  1159,   199,  -505
3039,  1155,    96,  -462
3049,  1195,   128,  -547
3059,  1209,   226,  -639
3069,  1119,   425,  -597
3079,  1041,   523,  -480
3089,   999,   366,  -312
3099,   954,    99,   -89
3109,   939,  -181,   116
3119,   896,  -343,   350
3129,   802,  -288,   574
3140,   817,  -180,   674
3150,   877,  -121,   682
3160,   856,   -29,   658
3169,   721,    49,   733
3180,   485,    82,   982
3190,   227,    87,  1309
3199,   132,   -59,  1488
3209,   151,  -245,  1446
3219,   217,  -314,  1249
3230,   221,  -264,  1139
3239,   151,  -184,  1208
3249,    60,  -109,  1359
3260,    34,  -219,  1451
3269,    53,  -453,  1460
3279,    42,  -592,  1431
3289,     5,  -617,  1408
3300,   -40,  -481,  1374
3310,     4,  -368,  1208
3319,    55,  -313,   982
3330,    58,  -166,   781
3340,    32,    20,   630
3350,    18,   106,   509
3359,    -1,   158,   376
3370,   -62,   217,   217
3380,  -155,   284,    85
3390,  -299,   424,    31
3399,  -433,   526,    43
3410,  -502,   526,    78
3420,  -488,   444,    76
3429,  -514,   386,    75
3439,  -565,   340,    90
3449,  -698,   368,   135
3460,  -901,   530,   167
3470, -1002,   604,   167
3479, -1030,   514,   181
3490, -1059,   369,   220
3500, -1088,   225,   254
3510, -1130,   131,   274
3520, -1183,   133,   289
3530, -1144,    76,   220
3540, -1071,    -6,    71
3550, -1027,   -26,  -118
3560, -1035,    -3,  -283
3570, -1049,   -60,  -362
3580, -1047,  -184,  -390
3589, -1045,  -265,  -386
3600, -1110,  -259,  -327
3610, -1227,  -193,  -200
3619, -1425,   -89,   -36
3630, -1717,    -2,   135
3640, -2039,    91,   300
3650, -2300,   192,   368
3660, -2499,   307,   351
3670, -2615,   377,   310
3680, -2671,   413,   289
3690, -2648,   417,   244
3700, -2518,   439,   119
3710, -2448,   599,   -73
3720, -2398,   676,  -335
3730, -2362,   630,  -509
3742, -2394,   670,  -500
3752, -2368,   709,  -425
3762, -2283,   651,  -337
3772, -2213,   529,  -257
3783, -2094,   318,  -219
3792, -1993,   109,  -113
3802, -1888,   -55,    56
3812, -1721,  -201,   165
3822, -1553,  -227,   166
3832, -1401,  -200,   -10
3842, -1267,  -255,  -206
3852, -1145,  -337,  -287
3863, -1007,  -406,  -270
3872,  -867,  -438,  -137
3882,  -740,  -480,     3
3892,  -650,  -669,    71
3902,  -609,  -938,   161
3912,  -748,  -950,   280
3922,  -881,  -694,   356
3932,  -770,  -475,   212
3940,  -506,  -357,  -146
3950,  -292,  -251,  -492
3960,  -192,  -153,  -667
3970,  -115,  -141,  -760
3980,  -119,   -94,  -762
3990,  -188,   -31,  -636
4000,  -261,   -45,  -422
4010,  -323,   -76,  -181
4020,  -344,  -142,   -15
4030,  -306,  -265,   105
4040,  -290,  -370,   237
4050,  -335,  -374,   342
4060,  -383,  -306,   308
4070,  -459,  -173,   208
4080,  -514,   -29,   121
4090,  -439,    54,   -44
4100,  -294,   145,  -328
4110,  -171,   235,  -611
4120,   -86,   226,  -747
4130,    14,    97,  -788
4140,   173,   -89,  -981
4150,   397,  -272, -1424
4160,   630,  -375, -1654
4170,   849,  -434, -1468
4180,  1015,  -489, -1160
4190,  1111,  -628,  -980
4200,  1089,  -762,  -810
4211,   892,  -677,  -588
4220,   678,  -524,  -442
4230,   535,  -390,  -370
4240,   448,  -304,  -240
4250,   381,  -276,  -149
4260,   312,  -299,  -103
4270,   260,  -296,   -68
4280,   207,  -270,  -100
4290,   173,  -229,  -160
4300,   128,  -159,  -185
4310,    87,  -115,  -213
4320,    81,   -85,  -194
4330,    84,   -65,  -199
4340,    85,   -75,  -248
4350,    71,   -67,  -249
4360,    62,   -96,  -236
4371,    48,   -72,  -219
4380,    38,   -31,  -220
4391,    45,   -20,  -218
4400,    41,   -13,  -239
4410,    33,    38,  -273
4420,    45,    52,  -294
4430,    48,    67,  -274
4441,    58,    38,  -242
4450,    72,     2,  -227
4460,    86,   -20,  -192
4470,    87,   -16,  -188
4480,    79,     3,  -175
4490,    81,    13,  -182
4500,    85,    23,  -191
4511,    85,    29,  -173
4520,    75,    38,  -164
4531,    74,    45,  -158
4540,    76,    30,  -162
4550,    75,    23,  -180
4560,    78,    10,  -198
4570,    86,    10,  -209
4580,    89,    11,  -194
4590,    88,    16,  -190
4601,    82,    21,  -191
4611,    75,    27,  -204
4620,    68,    30,  -217
4630,    72,    34,  -234
4641,    68,    36,  -239
4653,    64,    34,  -227
4664,    65,    27,  -213
4673,    62,    27,  -205
4683,    64,    26,  -191
4693,    71,    29,  -179
4703,    72,    27,  -168
4714,    72,    21,  -165
4724,    66,    34,  -185
4734,    68,    38,  -202
4744,    63,    31,  -247
4751,    65,    35,  -173
4761,    74,    40,  -135
4771,    88,    41,  -109
4781,    83,    26,  -130
4791,    79,    30,  -137
4800,    71,    36,  -154
4811,    67,    25,  -153
4821,    65,    22,  -160
4831,    70,    25,  -127
4841,    76,    19,  -151
4851,    79,     1,  -165
4861,    87,   -16,  -210
4871,    79,    -9,  -201
4881,    70,    -7,  -205
4891,    63,    -8,  -200
4901,    57,    10,  -173
4911,    53,    14,  -180
4920,    47,    17,  -148
4931,    46,    12,  -144
4941,    56,     4,  -156
4951,    58,     3,  -164
4960,    40,    29,    40
4971,    55,    12,  -168
4981,    67,    11,  -199
4991,    82,     8,  -260
5001,    57,     2,  -248
5011,    60,    10,  -290
5021,    53,    26,  -172
5031,    57,    26,  -166
5041,    56,    28,  -175
5051,    58,    27,  -162
5061,    62,    31,  -167
5071,    63,    24,  -175
5081,    64,    15,  -208
5091,    61,    16,  -203
5101,    53,    33,  -139
5111,    52,    24,   -21
5121,    44,    31,  -182
5131,    45,    20,   -78
5141,    38,    27,  -291
5151,    42,    39,  -262
5161,    43,    42,  -212
5171,    48,    31,  -146
5181,    56,    13,  -106
5191,    60,     0,  -141
5201,    58,    10,  -151
5211,    47,    19,  -159
5221,    45,    32,  -153
5231,    42,    27,  -164
5241,    46,    17,  -164
5251,    45,    18,  -152
5261,    49,    12,  -152
5271,    48,     8,  -164
5281,    48,     4,  -157
5291,    42,    18,  -174
5301,    43,    16,  -168
5311,    39,    14,  -194
5321,    38,    13,  -172
5331,    30,    17,  -175
5341,    33,     9,  -187
5351,    37,     9,  -187
5361,    34,    15,  -159
5371,    32,    14,  -152
5381,    32,    16,  -158
5391,    38,    17,  -156
5401,    44,     6,  -155
5411,    43,     0,  -166
5421,    39,     7,  -156
5431,    37,    10,  -161
5441,    34,    18,  -165
5452,    37,    23,  -155
5464,    38,    23,  -161
5474,    43,    22,  -162
5484,    46,    11,  -147
5494,    44,    10,  -144
5505,    46,     6,  -145
5514,    42,     3,  -144
5524,    42,     2,  -159
5534,    37,    10,  -179
5545,    36,    15,  -195
5554,    35,    20,  -198
5563,    34,    14,  -187
5574,    29,    11,  -181
5583,    22,     9,  -167
5593,    23,    14,  -167
5604,    24,    16,  -162
5614,    26,    21,  -166
5624,    27,    20,  -159
5633,    26,    21,  -151
5644,    23,    23,  -147
5654,    19,    21,  -151
5664,    21,    17,  -157
5673,    26,    14,  -155
5684,    28,     7,  -151
5694,    30,    -3,  -139
5703,    30,     0,  -142
5714,    21,    10,  -150
5724,    14,    20,  -146
5733,    19,    30,  -155
5743,    23,    34,  -169
5754,    26,    16,  -181
5764,    25,    12,  -175
5774,    29,     8,  -166
5784,    28,     7,  -160
5794,    26,    14,  -164
5804,    25,    11,  -178
5814,    25,    11,  -201
5824,    29,     7,  -191
5834,    22,    17,  -154
5844,    19,    20,  -153
5854,    18,    22,  -150
5864,    16,    19,  -164
5874,    17,    13,  -149
5884,    22,     4,  -148
5894,    25,     3,  -146
5904,    20,     9,  -141
5914,    22,    10,  -161
5924,    26,    16,  -173
5934,    22,    22,  -164
5944,    19,    19,  -149
5954,    19,    21,  -160
5965,    20,    26,  -151
5975,    23,    22,  -162
5985,    23,    18,  -167
5995,    26,    19,  -176
6005,    29,    22,  -175
6015,    23,    23,  -169
6025,    24,    15,  -145
6035,    29,     4,  -165
6045,    30,     8,  -175
6055,    32,     9,  -175
6064,    31,    13,  -178
6074,    27,    14,  -169
6084,    20,    19,  -159
6094,    20,    18,  -160
6104,    23,     8,  -169
6114,    29,     7,  -180
6124,    28,    18,  -173
6134,    28,    26,  -152
6144,    26,    25,  -131
6154,    26,    21,  -134
6164,    24,    24,  -152
6174,    23,    23,  -163
6184,    25,    27,  -159
6194,    23,    26,  -155
6204,    24,    15,  -143
6214,    23,    13,  -141
6224,    21,    14,  -147
6234,    20,    23,  -156
6244,    16,    24,  -163
6254,    14,     8,  -167
6264,    12,     1,  -161
6274,    17,     2,  -161
6284,    17,     9,  -157
6294,    19,    16,  -147
6305,    19,    28,  -155
6315,    21,     3,  -163
6324,    23,    -1,  -163
6334,    21,     1,  -157
6344,    19,     3,  -151
6354,    18,     5,  -157
6364,    16,    16,  -158
6374,     4,    13,  -165
6384,     1,    18,  -177
6394,     4,    21,  -174
6404,     6,     8,  -171
6415,     9,     6,  -145
6425,    15,    10,  -133
6434,    16,    11,  -132
6444,    17,    15,  -133
6454,    13,    22,  -158
6465,    13,    22,  -161
6474,    17,    17,  -172
6484,    19,    16,  -166
6494,    24,    11,  -167
6505,    24,     1,  -176
6522,    16,     3,  -167
6529,    16,     8,  -165
6536,    17,     1,  -173
6545,    19,     0,  -171
6555,    17,    -2,  -173
6565,    18,    -1,  -163
6574,    15,     2,  -153
6584,    10,     9,  -144
6595,    12,    11,  -136
6604,    12,    15,  -132
6614,    15,    11,  -156
6625,    21,    15,  -167
6635,    19,    11,  -170
6644,    13,     4,  -168
6654,    18,     7,  -148
6664,    12,     6,  -130
6675,    10,     7,  -119
6684,     6,     6,  -125
6695,     7,    11,  -147
6705,     4,    23,  -139
6714,     8,    39,  -149
6725,    20,     2,  -157
6735,    22,     2,  -143
6744,    18,    -1,  -148
6754,    16,    -8,  -137
6764,    14,    -1,  -147
6775,     9,    13,  -144
6784,    10,    16,  -141
6794,    11,    19,  -162
6804,    12,    35,  -168
6815,    15,    23,  -163
6824,    11,    15,  -172
6834,     9,    17,  -171
6845,    16,     4,  -175
6855,    20,    -1,  -162
6862,    13,     8,  -151
6873,    13,     1,  -144
6882,    15,    -3,  -140
6892,    16,    -1,  -145
6903,    12,    -3,  -145
6912,     9,    -5,  -149
6922,     9,    -5,  -166
6932,     9,     6,  -155
6942,     6,    13,  -155
6953,    10,     4,  -148
6962,    17,   -12,  -148
6972,    21,   -13,  -152
6982,    20,    -2,  -152
6993,    14,     3,  -151
7002,     7,     8,  -138
7012,     4,     2,  -142
7022,     3,     2,  -137
7032,     5,     6,  -149
7042,     4,     5,  -176
7053,     6,    12,  -159
7062,     2,     3,  -164
7072,     7,    -2,  -150
7082,     8,     0,  -131
7093,     8,     0,  -128
7102,    14,    15,  -121
7112,    16,    14,  -124
7122,    13,     9,  -149
7133,    11,    17,  -135
7142,    12,    10,  -155
7152,    13,    17,  -149
7163,    11,    22,  -133
7172,    11,     9,  -119
7182,     7,     0,  -119
7192,    11,    -1,  -130
7203,    14,   -10,  -155
7213,    12,    -7,  -155
7222,    11,    -4,  -164
7233,    12,   -12,  -180
7242,    11,    -7,  -170
7252,     9,    -7,  -171
7262,     5,    -5,  -163
7273,     6,     6,  -149
7283,     3,     1,  -158
7293,     3,    11,  -150
7303,     0,    24,  -167
7313,    -1,    18,  -149
7323,     8,    17,  -146
7333,    15,    18,  -154
7343,    13,     4,  -141
7352,     7,    18,  -144
7363,     6,     0,  -158
7373,    11,    -7,  -139
7383,    14,    -1,  -148
7393,    14,   -18,  -180
7403,    19,   -16,  -186
7412,     7,    -3,  -187
7423,     5,     1,  -169
7433,     2,     5,  -154
7443,     3,     2,  -134
7453,     6,     0,  -154
7463,    12,     6,  -150
7473,    15,     9,  -140
7483,     7,     2,  -168
7493,     4,     7,  -166
7503,     1,     4,  -140
7513,     4,     0,  -126
7523,     1,     2,  -130
7533,     1,     5,  -155
7543,     7,     8,  -159
7553,     9,     9,  -165
7563,    10,     3,  -172
7576,     9,     4,  -152
7586,     9,    16,  -132
7596,     9,    12,  -130
7606,     3,    17,  -125
7616,     1,    19,  -128
7626,     3,    20,  -140
7636,     1,    19,  -150
7646,     5,    15,  -139
7656,     7,     5,  -147
7666,    12,    -2,  -143
7675,     7,    -4,  -131
7685,     2,    -4,  -141
7696,     0,     4,  -154
7705,     0,     8,  -146
7715,     2,     6,  -148
7725,    14,     6,  -144
7735,    11,    10,  -137
7745,    11,    10,  -140
7761,     9,    11,  -149
7768,     9,     7,  -152
7775,     6,     6,  -172
7785,     5,     7,  -168
7795,     0,    12,  -170
7805,    -1,    13,  -139
7816,     5,     9,  -137
7826,     8,    12,  -143
7835,     4,    11,  -141
7845,     6,    12,  -136
7856,    11,    18,  -150
7865,    10,    13,  -149
7875,     4,     6,  -172
7886,    10,     6,  -172
7896,     5,     9,  -177
