  0.76,   0.13,   0.64,  -0.00
   0.77,   0.13,   0.62,  -0.00
   0.79,   0.13,   0.60,  -0.00
   0.80,   0.12,   0.58,  -0.00
   0.81,   0.12,   0.57,   0.00
   0.83,   0.12,   0.55,   0.00
   0.84,   0.12,   0.53,   0.00
   0.85,   0.12,   0.51,   0.00
   0.86,   0.11,   0.50,   0.00
   0.87,   0.11,   0.48,   0.01
   0.88,   0.11,   0.46,   0.01
   0.89,   0.11,   0.44,   0.01
   0.90,   0.11,   0.43,   0.01
   0.91,   0.11,   0.41,   0.01
   0.91,   0.10,   0.39,   0.01
   0.92,   0.10,   0.38,   0.01
   0.93,   0.10,   0.36,   0.01
   0.93,   0.10,   0.34,   0.01
   0.94,   0.10,   0.33,   0.01
   0.94,   0.10,   0.31,   0.01
   0.95,   0.10,   0.30,   0.01
   0.95,   0.09,   0.29,   0.01
   0.96,   0.09,   0.27,   0.01
   0.96,   0.09,   0.26,   0.01
   0.96,   0.09,   0.25,   0.01
   0.97,   0.09,   0.23,   0.01
   0.97,   0.09,   0.22,   0.01
   0.97,   0.09,   0.21,   0.01
   0.98,   0.09,   0.20,   0.01
   0.98,   0.09,   0.19,   0.00
   0.98,   0.08,   0.18,   0.00
   0.98,   0.08,   0.17,   0.00
   0.98,   0.08,   0.16,   0.00
   0.99,   0.08,   0.15,   0.00
   0.99,   0.08,   0.14,   0.00
   0.99,   0.08,   0.13,   0.00
   0.99,   0.08,   0.12,  -0.00
   0.99,   0.08,   0.11,  -0.00
   0.99,   0.08,   0.10,  -0.00
   0.99,   0.08,   0.10,  -0.00
   0.99,   0.08,   0.09,  -0.01
   0.99,   0.08,   0.08,  -0.01
   0.99,   0.08,   0.07,  -0.01
   0.99,   0.07,   0.07,  -0.01
   1.00,   0.07,   0.06,  -0.01
   1.00,   0.07,   0.06,  -0.01
   1.00,   0.07,   0.05,  -0.01
   1.00,   0.07,   0.04,  -0.01
   1.00,   0.07,   0.04,  -0.02
   1.00,   0.07,   0.03,  -0.02
   1.00,   0.07,   0.03,  -0.02
   1.00,   0.07,   0.02,  -0.02
   1.00,   0.07,   0.02,  -0.02
   1.00,   0.07,   0.01,  -0.02
   1.00,   0.07,   0.01,  -0.02
   1.00,   0.07,   0.00,  -0.02
   1.00,   0.07,   0.00,  -0.03
   1.00,   0.07,  -0.00,  -0.03
   1.00,   0.07,  -0.01,  -0.03
   1.00,   0.07,  -0.01,  -0.03
   1.00,   0.07,  -0.01,  -0.03
   1.00,   0.07,  -0.02,  -0.03
   1.00,   0.07,  -0.02,  -0.04
   1.00,   0.07,  -0.02,  -0.04
   1.00,   0.07,  -0.03,  -0.04
   1.00,   0.07,  -0.03,  -0.04
   1.00,   0.07,  -0.03,  -0.04
   1.00,   0.07,  -0.03,  -0.04
   1.00,   0.07,  -0.04,  -0.05
   1.00,   0.07,  -0.04,  -0.05
   1.00,   0.07,  -0.04,  -0.05
   1.00,   0.07,  -0.04,  -0.05
   1.00,   0.07,  -0.05,  -0.05
   1.00,   0.07,  -0.05,  -0.05
   1.00,   0.07,  -0.05,  -0.06
   0.99,   0.06,  -0.05,  -0.06
   0.99,   0.06,  -0.05,  -0.06
   0.99,   0.06,  -0.06,  -0.06
   0.99,   0.06,  -0.06,  -0.06
   0.99,   0.06,  -0.06,  -0.06
   0.99,   0.06,  -0.06,  -0.07
   0.99,   0.06,  -0.06,  -0.07
   0.99,   0.06,  -0.06,  -0.07
   0.99,   0.06,  -0.07,  -0.07
   0.99,   0.06,  -0.07,  -0.07
   0.99,   0.06,  -0.07,  -0.07
   0.99,   0.06,  -0.07,  -0.08
   0.99,   0.06,  -0.07,  -0.08
   0.99,   0.06,  -0.07,  -0.08
   0.99,   0.06,  -0.07,  -0.08
   0.99,   0.06,  -0.07,  -0.08
   0.99,   0.06,  -0.08,  -0.08
   0.99,   0.06,  -0.08,  -0.09
   0.99,   0.06,  -0.08,  -0.09
   0.99,   0.06,  -0.08,  -0.09
   0.99,   0.06,  -0.08,  -0.09
   0.99,   0.06,  -0.08,  -0.09
   0.99,   0.06,  -0.08,  -0.10
   0.99,   0.06,  -0.08,  -0.10
   0.99,   0.06,  -0.08,  -0.10
   0.99,   0.06,  -0.08,  -0.10
   0.99,   0.06,  -0.09,  -0.10
   0.99,   0.06,  -0.09,  -0.10
   0.99,   0.06,  -0.09,  -0.11
   0.99,   0.06,  -0.09,  -0.11
   0.99,   0.06,  -0.09,  -0.11
   0.99,   0.06,  -0.09,  -0.11
   0.99,   0.06,  -0.09,  -0.11
   0.99,   0.06,  -0.09,  -0.12
   0.99,   0.06,  -0.09,  -0.12
   0.99,   0.06,  -0.09,  -0.12
   0.99,   0.06,  -0.09,  -0.12
   0.99,   0.06,  -0.09,  -0.12
   0.99,   0.06,  -0.09,  -0.12
   0.99,   0.06,  -0.09,  -0.13
   0.99,   0.06,  -0.09,  -0.13
   0.99,   0.06,  -0.09,  -0.13
   0.98,   0.06,  -0.09,  -0.13
   0.98,   0.06,  -0.10,  -0.13
   0.98,   0.06,  -0.10,  -0.14
   0.98,   0.06,  -0.10,  -0.14
   0.98,   0.06,  -0.10,  -0.14
   0.98,   0.06,  -0.10,  -0.14
   0.98,   0.06,  -0.10,  -0.14
   0.98,   0.06,  -0.10,  -0.15
   0.98,   0.06,  -0.10,  -0.15
   0.98,   0.06,  -0.10,  -0.15
   0.98,   0.06,  -0.10,  -0.15
   0.98,   0.06,  -0.10,  -0.15
   0.98,   0.06,  -0.10,  -0.15
   0.98,   0.06,  -0.10,  -0.16
   0.98,   0.06,  -0.10,  -0.16
   0.98,   0.06,  -0.10,  -0.16
   0.98,   0.06,  -0.10,  -0.16
   0.98,   0.05,  -0.10,  -0.16
   0.98,   0.05,  -0.10,  -0.17
   0.98,   0.05,  -0.10,  -0.17
   0.98,   0.05,  -0.10,  -0.17
   0.98,   0.05,  -0.10,  -0.17
   0.98,   0.05,  -0.10,  -0.17
   0.98,   0.05,  -0.10,  -0.18
   0.98,   0.05,  -0.10,  -0.18
   0.98,   0.05,  -0.10,  -0.18
   0.98,   0.05,  -0.10,  -0.18
   0.98,   0.05,  -0.10,  -0.18
   0.98,   0.05,  -0.10,  -0.18
   0.98,   0.05,  -0.10,  -0.19
   0.98,   0.05,  -0.10,  -0.19
   0.97,   0.05,  -0.10,  -0.19
   0.97,   0.05,  -0.10,  -0.19
   0.97,   0.05,  -0.10,  -0.19
   0.97,   0.05,  -0.10,  -0.20
   0.97,   0.05,  -0.10,  -0.20
   0.97,   0.05,  -0.11,  -0.20
   0.97,   0.05,  -0.11,  -0.20
   0.97,   0.05,  -0.11,  -0.20
   0.97,   0.05,  -0.11,  -0.21
   0.97,   0.05,  -0.11,  -0.21
   0.97,   0.05,  -0.11,  -0.21
   0.97,   0.05,  -0.11,  -0.21
   0.97,   0.05,  -0.11,  -0.21
   0.97,   0.05,  -0.11,  -0.21
   0.97,   0.05,  -0.11,  -0.22
   0.97,   0.05,  -0.11,  -0.22
   0.97,   0.05,  -0.11,  -0.22
   0.97,   0.05,  -0.11,  -0.22
   0.97,   0.05,  -0.11,  -0.22
   0.97,   0.05,  -0.11,  -0.23
   0.97,   0.05,  -0.11,  -0.23
   0.97,   0.05,  -0.11,  -0.23
   0.97,   0.05,  -0.11,  -0.23
   0.97,   0.05,  -0.11,  -0.23
   0.96,   0.05,  -0.11,  -0.23
   0.96,   0.05,  -0.11,  -0.24
   0.96,   0.05,  -0.11,  -0.24
   0.96,   0.05,  -0.11,  -0.24
   0.96,   0.05,  -0.11,  -0.24
   0.96,   0.05,  -0.11,  -0.24
   0.96,   0.05,  -0.11,  -0.25
   0.96,   0.05,  -0.11,  -0.25
   0.96,   0.05,  -0.11,  -0.25
   0.96,   0.05,  -0.11,  -0.25
   0.96,   0.05,  -0.11,  -0.25
   0.96,   0.05,  -0.11,  -0.26
   0.96,   0.05,  -0.11,  -0.26
   0.96,   0.04,  -0.11,  -0.26
   0.96,   0.04,  -0.11,  -0.26
   0.96,   0.04,  -0.11,  -0.26
   0.96,   0.04,  -0.11,  -0.26
   0.96,   0.04,  -0.11,  -0.27
   0.96,   0.04,  -0.11,  -0.27
   0.96,   0.04,  -0.11,  -0.27
   0.96,   0.04,  -0.11,  -0.27
   0.95,   0.04,  -0.11,  -0.27
   0.95,   0.04,  -0.11,  -0.28
   0.95,   0.04,  -0.11,  -0.28
   0.95,   0.04,  -0.11,  -0.28
   0.95,   0.04,  -0.11,  -0.28
   0.95,   0.04,  -0.11,  -0.28
   0.95,   0.04,  -0.11,  -0.28
