time,gyrx,gyry,gyrz
5,     0,     0,    -1
10,     4,     0,    -1
15,     5,    -1,    -1
20,     4,    -1,    -1
24,     3,    -1,    -1
29,     2,     0,    -1
34,     2,     0,    -1
39,     1,     0,    -1
44,     2,     0,    -1
49,     3,     0,    -2
54,     2,     1,    -2
58,     0,     1,    -2
63,    -3,     2,    -2
68,    -6,     3,    -3
73,    -8,     3,    -3
78,    -8,     3,    -3
82,    -9,     1,    -2
87,    -9,    -2,     0
92,    -9,    -4,     1
97,    -5,    -5,     1
101,    -7,    -6,     3
106,    -8,    -6,     4
111,    -6,    -5,     4
116,    -4,    -4,     3
120,    -1,    -2,     1
125,     0,    -1,     0
130,     1,    -1,     0
135,     1,    -1,     0
139,     0,    -1,     0
144,     0,    -1,     0
150,     0,     0,    -1
160,     1,     0,    -1
170,     2,     1,    -1
180,     3,     0,    -1
190,     4,    -2,     0
200,     3,    -2,     0
210,     1,    -2,     1
220,     1,    -3,     1
230,     1,    -3,     1
240,     0,    -2,     1
250,    -2,     0,     0
260,     0,     2,    -2
270,     0,     0,    -1
280,     0,     0,    -1
290,    -1,     0,     0
300,    -1,    -1,    -1
310,     0,     0,    -1
320,     0,     0,     0
330,     0,     0,     0
340,     0,    -1,    -1
350,     0,    -1,    -1
360,     0,    -1,    -1
370,     0,     0,     0
380,     0,    -1,     0
390,     1,    -1,     0
400,     0,    -1,     0
410,     0,    -1,     0
420,    -1,    -1,     0
430,    -1,    -1,     0
440,    -1,    -1,     0
450,    -1,    -1,     0
460,     0,     0,     0
470,     0,     0,     0
480,    -1,    -1,     0
490,    -1,    -1,     0
500,    -1,     0,    -1
510,    -1,     0,    -1
520,    -1,     0,    -1
530,    -1,     0,    -1
540,     0,     0,    -1
550,     0,     0,    -1
560,     0,     0,    -1
570,    -1,     0,    -1
580,    -1,     0,    -1
590,     0,    -1,    -1
600,     0,     0,    -1
610,     0,     0,    -1
624,     0,     0,     0
634,    -1,     0,     0
644,     0,    -1,     0
654,     0,    -1,     0
664,     0,     0,    -1
674,    -1,     0,    -1
684,    -1,     0,    -1
694,     0,     0,    -1
704,     0,     0,     0
714,     0,    -1,     0
724,     0,    -1,     0
734,     0,    -1,     0
745,     0,    -1,     0
754,     0,    -1,     0
764,     0,    -1,     0
775,    -1,    -1,     0
785,    -1,    -1,     0
795,    -1,     0,     0
805,    -1,     0,     0
814,     0,     0,     0
824,     0,     0,     0
834,     1,     0,     0
844,     1,    -1,     0
854,     1,    -1,     1
864,     0,    -1,     1
874,     1,    -1,     0
884,     2,    -1,     0
894,     2,    -1,     0
904,     2,    -1,     0
914,     1,    -1,     0
924,     0,    -1,     0
934,     0,    -1,     0
945,     0,    -1,     0
954,     0,    -1,     0
965,     0,    -1,     0
975,     0,    -1,     0
985,     0,    -1,    -1
995,    -1,    -1,    -1
1005,    -1,     0,    -1
1015,    -1,     0,    -1
1025,    -1,     0,    -1
1035,     0,     0,    -1
1045,     0,     0,    -1
1055,     0,     0,    -1
1065,    -1,    -1,    -1
1074,    -1,     0,    -1
1084,    -1,     0,    -1
1094,    -1,     0,    -1
1104,    -1,     0,    -1
1115,    -1,     0,    -1
1126,    -1,     0,    -1
1136,    -1,     0,    -1
1147,    -1,     0,    -1
1157,    -1,     0,    -1
1167,    -1,     0,    -1
1178,    -1,     0,    -1
1188,    -1,     0,     0
1198,    -1,     0,    -1
1209,     0,     0,    -1
1219,     0,    -1,    -1
1228,     0,    -1,    -1
1237,     0,    -1,    -1
1246,     0,    -1,    -1
1255,     0,    -1,    -1
1265,     0,     0,    -1
1275,     0,     0,    -1
1285,     0,     0,    -1
1295,     0,     0,    -1
1305,     0,    -1,    -1
1315,     0,     0,    -1
1325,     0,     0,    -1
1335,     0,     0,    -1
1345,     0,     0,    -1
1355,     0,     0,    -1
1365,     0,     0,    -1
1375,     1,     0,    -1
1385,     1,     0,    -1
1395,     0,     0,    -1
1405,     0,     0,    -1
1415,     0,     0,     0
1425,     0,     0,     0
1435,     0,     0,     0
1445,    -1,     0,     0
1455,    -1,     0,     0
1465,    -1,     0,    -1
1475,    -1,     0,    -1
1485,    -1,     0,    -1
1495,    -1,     0,    -1
1505,    -2,     0,    -1
1515,    -3,     0,    -1
1525,    -3,     0,    -1
1534,    -3,     0,    -1
1546,    -3,     0,    -1
1554,    -2,     0,    -1
1564,    -1,     0,    -1
1576,     0,     0,    -1
1584,     1,     0,    -1
1594,     0,     0,    -1
1604,     0,     0,    -1
1614,     0,     0,    -1
1624,    -1,     0,    -1
1635,    -2,     0,    -1
1645,    -5,     0,    -1
1655,    -7,     1,    -1
1665,    -8,     0,     0
1675,    -6,     0,     5
1685,    -8,    -3,     4
1695,    -8,    -9,     1
1705,   -10,   -13,     3
1715,   -12,   -20,     4
1725,   -15,   -31,     3
1735,   -12,   -41,     4
1745,   -18,   -39,    11
1755,   -23,   -35,    17
1765,   -25,   -33,    20
1775,   -24,   -32,    17
1785,    -5,   -17,     9
1795,    10,     1,     1
1805,    10,    15,    -1
1815,     5,    11,     3
1825,     1,     2,     7
1835,    -4,    -8,    11
1845,   -10,   -16,    14
1855,   -12,   -22,    15
1865,   -11,   -27,    14
1875,    -5,   -24,    10
1885,     3,   -16,     3
1895,     9,    -8,    -6
1905,    12,    -3,   -13
1915,    14,     0,   -16
1925,    15,     1,   -15
1935,    11,     1,   -13
1945,     6,    -2,   -11
1955,    -1,   -11,    -8
1965,    -6,   -21,    -5
1975,    -3,   -30,    -4
1985,     5,   -29,    -8
1995,    14,   -18,   -14
2005,    20,    -3,   -20
2015,    23,     9,   -24
2025,    23,    13,   -25
2035,    19,     9,   -24
2045,    11,    -1,   -19
2055,     2,   -13,   -13
2065,    -5,   -24,    -4
2075,    -6,   -29,     3
2085,     3,   -23,     5
2095,    29,    -5,    -7
2105,    21,    30,   -25
2115,    13,    28,    -5
2125,    13,    25,   -13
2135,     2,    18,    -5
2145,    -5,     8,     1
2155,   -11,    -5,     6
2165,   -11,   -15,    12
2175,   -11,   -17,    14
2185,   -12,   -14,    12
2195,   -10,   -15,    14
2205,    -8,    -9,    13
2215,    -7,    -1,    17
2225,    -9,     5,    19
2235,    -9,     1,    20
2245,   -10,   -11,    21
2255,   -10,   -18,    19
2265,    -8,   -21,    18
2275,    -8,   -20,    16
2285,    -8,   -16,    13
2295,    -3,   -13,     8
2305,     2,    -7,     3
2315,    10,     5,    -2
2325,    11,    18,    -1
2335,     8,    25,     5
2345,     3,    21,    10
2355,    -4,    10,    15
2365,   -10,    -1,    22
2375,   -10,   -10,    24
2385,    -5,   -11,    24
2395,    -1,    -4,    24
2405,     1,     4,    25
2415,     1,     6,    24
2425,     0,     1,    23
2435,    -2,    -6,    22
2445,    -1,    -7,    19
2455,     2,    -4,    16
2465,     3,    -2,    14
2475,    -1,    -3,    14
2485,    -6,    -6,    14
2495,    -8,    -7,    11
2505,    -4,    -3,     7
2515,     4,    13,    -1
2525,    11,    37,    -9
2535,    13,    57,   -12
2545,    11,    57,   -13
2555,     4,    38,    -6
2565,    -4,    15,     7
2575,   -10,     0,    17
2585,    -9,    -6,    23
2595,     0,    -3,    15
2605,     6,     9,    -1
2615,     4,    12,    -3
2625,    -4,    12,     0
2635,   -10,     8,     7
2645,    -6,     3,     5
2655,     2,    -1,   -10
2665,    -8,    -7,    -6
2675,   -11,   -12,    -3
2686,    -6,    -8,    -5
2695,    -7,     1,    -5
2706,    -9,    11,    -4
2716,   -12,    19,    -6
2725,   -15,    23,   -13
2736,   -19,    23,   -17
2746,   -20,    19,   -20
2756,   -19,    17,   -21
2766,   -18,    17,   -20
2776,   -17,    17,   -15
2786,   -13,    20,   -12
2795,    -9,    23,   -10
2805,    -4,    24,    -9
2816,     0,    21,    -9
2825,     1,    12,    -5
2835,    -1,     2,    -1
2845,    -6,    -5,     0
2855,   -11,   -10,     1
2865,   -14,   -11,     0
2876,   -13,    -6,    -2
2887,    -9,    29,   -10
2895,     0,    38,    -9
2905,     3,    26,    -7
2915,     4,    11,    -7
2926,     4,    -4,    -7
2935,     1,   -17,    -7
2945,     0,   -26,    -5
2955,     0,   -25,    -3
2966,    -1,   -19,    -2
2976,    -3,    -9,    -1
2986,    -4,     0,    -2
2995,    -3,     8,    -2
3005,    -3,    15,    -3
3016,    -2,    22,    -3
3026,    -2,    22,    -2
3036,    -1,    20,    -2
3045,     1,    18,    -3
3055,     1,    16,    -3
3065,    -1,    13,    -2
3075,    -3,     8,    -2
3086,    -2,     1,    -3
3095,    -2,     0,    -2
3105,    -1,     1,    -2
3115,    -1,     1,    -3
3125,     0,    -2,    -4
3135,     1,     0,    -6
3146,     3,     0,    -8
3156,     3,    -1,   -10
3166,     3,    -1,   -11
3176,     3,     0,   -10
3186,     4,     2,    -7
3196,     3,     1,    -3
3206,     0,    -1,     0
3216,    -2,    -1,     0
3226,     0,    -1,    -1
3236,     0,     0,    -3
3246,     1,     0,    -4
3256,     2,     0,    -5
3266,     1,     0,    -5
3276,    -1,    -1,    -3
3286,    -2,    -1,    -3
3296,    -1,     0,    -5
3306,     1,     0,    -7
3316,     0,     1,    -6
3326,     0,     1,    -6
3336,     1,     1,    -5
3347,     1,     1,    -4
3356,     1,     1,    -4
3366,     2,     1,    -5
3377,     3,     1,    -6
3386,     3,     1,    -8
3396,     2,     1,    -3
3407,     1,     1,    -2
3416,     0,     0,    -1
3426,     0,     0,    -1
3436,     1,     1,     0
3447,     2,     1,     0
3456,     2,     0,     0
3467,     2,     0,     0
3477,     1,     0,     0
3487,     0,     0,     1
3497,     0,     0,     1
3507,     0,     0,     1
3517,     0,    -1,     1
3527,     0,     0,     2
3537,     0,    -1,     1
3546,    -1,    -1,     1
3556,    -1,    -1,     1
3567,    -1,    -1,     0
3577,     0,     0,     0
3587,     0,     0,     0
3597,     0,     0,     0
3607,     0,     0,     0
3617,    -1,    -1,     0
3627,    -1,    -1,     0
3637,    -1,    -1,     0
3647,    -1,    -1,     0
3657,    -1,     0,     0
3667,     0,     0,    -1
3677,     0,     0,     0
3687,     0,    -1,     0
3697,    -1,    -1,     0
3707,    -1,    -1,     0
3717,    -1,    -1,     0
3727,    -2,    -1,     0
3737,    -1,    -1,     0
3747,    -1,    -1,    -1
3757,    -1,    -1,    -1
3767,    -1,    -1,     0
3777,    -1,    -1,     0
3787,    -1,     0,     0
3797,    -1,    -1,    -1
3806,    -1,    -1,     0
3816,    -1,    -1,    -1
3826,     0,    -1,     0
3836,     0,    -1,     0
3846,     0,    -1,     0
3856,     0,    -1,     0
3866,     0,    -1,     0
3876,    -1,    -1,     0
3886,    -1,    -1,     0
3896,    -1,    -1,     0
3906,    -2,     0,    -1
3916,    -1,    -1,    -1
3926,    -1,     0,    -1
3936,    -1,     0,    -1
3947,    -1,     0,    -1
3956,     0,     0,    -1
3966,     0,     0,     0
3976,     0,     0,     0
3986,     1,     0,     0
3996,     1,     0,     0
4006,     0,     0,     1
4016,     0,    -1,     2
4026,     0,    -1,     2
4037,    -1,    -1,     2
4047,    -1,    -1,     2
4057,    -1,    -1,     1
4067,    -1,    -1,     0
4077,    -1,    -1,    -1
4086,    -2,    -1,    -1
4096,    -3,     0,    -1
4107,    -2,     0,    -2
4117,    -1,     1,    -5
4127,    -1,     2,    -5
4137,    -2,     2,    -7
4147,     3,     0,    -6
4157,     2,     0,    -3
4167,     1,     0,    -2
4177,     1,     0,    -1
4187,    -1,     0,     0
4197,    -1,     0,     0
4207,     0,     0,     0
4216,     1,     0,     0
4226,     1,     0,     0
4236,     1,     0,     1
4247,     0,    -1,     1
4257,     0,     0,     1
4267,     0,     0,     0
4277,     0,     0,     0
4287,     0,     0,     0
4297,     1,     0,    -1
4307,     1,     0,    -1
4317,     0,     0,    -1
4327,     0,     0,    -1
4337,     1,     0,    -2
4347,     1,     0,    -1
4357,     0,    -1,     0
4367,     1,     0,     0
4377,     1,     0,     0
4387,     1,    -1,     1
4397,    -1,    -2,     4
4407,    -1,    -2,     4
4417,    -1,    -1,     2
4427,    -2,    -1,     4
4437,    -2,    -1,     3
4447,    -2,    -1,     3
4457,    -2,    -1,     2
4467,    -1,     0,     0
4477,    -2,     0,     0
4487,    -2,    -1,     0
4497,    -2,    -1,     0
4507,    -2,    -1,    -1
4517,    -1,    -1,    -1
4527,     0,     0,     0
4537,     0,     0,    -1
4547,     0,     0,     0
4557,     0,     0,     0
4567,     1,     0,     0
4577,     0,     0,     0
4587,     0,     0,     0
4597,     0,     0,     0
4608,     0,    -1,     0
4618,     0,    -1,     0
4628,     0,    -1,     0
4637,     0,    -1,     0
4647,     0,    -1,     1
4657,     0,    -1,     1
4667,     0,    -1,     0
4677,     0,    -1,     0
4687,     0,    -1,     0
4697,    -1,    -1,    -1
4707,    -1,    -1,    -1
4717,    -1,     0,    -1
4728,     0,     0,    -1
4737,     0,     0,    -1
4748,     0,     0,    -1
4757,     0,     1,    -1
4767,     1,     0,    -1
4777,     1,     0,    -1
4787,     1,     0,    -1
4797,     1,     0,     0
4807,     1,     0,     0
4817,     0,     0,     0
4827,     0,    -1,     2
4837,     0,    -1,     2
4847,     0,    -2,     3
4857,     0,    -1,     5
4867,    -1,    -1,     7
4877,    -1,    -1,     6
4887,    -2,    -1,     5
4898,    -2,    -1,     3
4907,     0,    -1,     0
4918,     0,     0,     0
4928,     1,     1,     0
4938,     2,     1,     0
4948,     2,     1,     1
4958,     2,     0,     3
4968,     3,    -2,     2
4978,     6,     6,     1
4988,    12,    15,     0
4998,    15,    17,     0
5008,    15,    12,     2
5018,    13,     8,     4
5028,    -7,     5,    23
5038,   -13,    -8,    23
5048,   -16,   -26,    24
5057,   -21,   -30,    26
5067,   -20,   -23,    23
5077,   -17,   -13,    20
5087,   -13,    -4,    17
5097,    -9,     6,    17
5107,    -8,    17,    15
5117,    -7,    24,    10
5127,    -6,    27,     6
5137,    -7,    26,     6
5147,    -9,    23,     7
5157,   -12,    19,     8
5167,   -15,    13,     7
5177,   -15,     5,     2
5187,   -12,    -2,    -1
5197,    -9,    -7,     0
5207,    -6,    -8,     1
5218,    -5,    -9,     2
5227,    -4,   -15,     1
5237,    -4,   -19,     0
5247,    -5,   -17,    -3
5257,    -4,   -14,    -4
5267,    -3,   -10,    -5
5277,     1,    -7,    -8
5287,     6,    -7,   -10
5297,     6,    -7,   -13
5308,     2,    -9,   -13
5318,    -2,   -15,   -10
5328,    -4,   -20,    -7
5338,    -3,   -22,    -3
5348,    -2,   -20,     2
5358,     1,   -19,     6
5368,     3,   -21,     7
5378,     3,   -25,     4
5387,    -2,   -29,     3
5397,    -7,   -30,     0
5407,   -10,   -30,    -4
5417,    -8,   -26,    -9
5427,    -1,   -17,   -15
5437,     4,    -2,   -19
5447,     8,    10,   -22
5457,    11,    13,   -23
5468,    13,     7,   -22
5478,    13,    -1,   -21
5488,     9,    -9,   -17
5498,     5,   -16,   -17
5508,     2,   -22,   -19
5518,    -2,   -27,   -19
5528,    -6,   -28,   -19
5538,    -9,   -24,   -18
5548,    -9,   -15,   -18
5558,    -7,    -4,   -19
5568,    -3,     5,   -21
5578,    -1,    10,   -22
5588,     1,    11,   -23
5598,     3,     8,   -22
5608,     2,     3,   -17
5618,     1,    -1,   -12
5628,     0,    -2,    -9
5638,     0,    -1,    -7
5648,     1,    -2,    -6
5658,     0,    -3,    -5
5669,    -2,    -6,    -4
5678,    -4,    -9,    -2
5688,    -6,   -11,     2
5698,    -5,   -11,     5
5708,    -3,    -8,     5
5718,     0,    -3,     5
5728,     1,     2,     5
5738,     1,     5,     6
5748,     0,     4,     7
5758,    -2,     5,    10
5768,    -5,     8,    12
5778,    -4,    13,    10
5788,     1,    18,     6
5798,     7,    23,     2
5808,     7,    25,     2
5818,     3,    19,     6
5828,    -1,     9,    12
5838,    -4,     2,    16
5848,    -3,     1,    13
5858,     2,     5,     4
5868,     5,    12,    -6
5878,     4,    12,    -7
5888,    -3,     7,    -4
5898,    -5,    -2,    -6
5908,    -6,    -7,    -5
5919,    -4,    -6,    -5
5929,     1,     0,    -4
5939,     5,     5,    -5
5949,     6,     2,    -3
5959,     2,    -5,     0
5969,    -3,   -11,     1
5979,    -5,   -13,     0
5989,    -4,    -9,     0
5999,    -1,     2,    -1
6009,     1,    14,    -3
6019,     2,    21,    -7
6028,     4,    24,   -11
6038,     4,    23,   -14
6048,     4,    20,   -13
6058,     3,    16,   -10
6068,    -1,    12,    -4
6078,    -4,     6,    -2
6088,    -5,    -4,     0
6098,    -7,   -12,     2
6108,   -11,   -17,     5
6118,   -15,   -17,     8
6128,   -20,   -14,    10
6138,   -22,    -9,    11
6148,   -21,    -3,    11
6158,   -19,     2,    10
6168,   -15,     4,    11
6178,   -12,     4,    11
6188,   -10,     6,    11
6198,    -9,    10,    11
6208,    -5,     9,    10
6218,    -3,    18,     9
6228,    -2,    26,    11
6239,    -3,     7,    11
6249,    -1,    -9,     9
6258,     1,   -11,     5
6269,     1,    -6,     5
6279,     1,     4,     3
6289,     2,    10,     2
6299,     0,    13,     2
6309,    -4,     9,     3
6319,    -4,     3,     2
6329,    -4,    -1,     3
6339,    -2,     2,     3
6349,    -1,     1,     2
6359,    -2,     0,     2
6369,    -3,     0,     1
6379,    -2,     1,    -1
6389,     0,     0,    -2
6399,     2,     1,    -3
6409,     3,     1,    -3
6419,     2,     0,    -3
6429,     2,     1,    -2
6439,     4,     1,    -2
6449,     5,     1,    -1
6459,     4,     1,    -1
6469,     4,     1,    -1
6479,     6,     2,    -3
6489,     6,     1,    -4
6499,     4,     0,    -5
6509,     1,    -1,    -6
6519,     0,     0,    -6
6529,     1,     0,    -6
6539,     1,     0,    -5
6549,     1,     0,    -3
6559,     1,     0,    -4
6568,    -1,     0,    -3
6579,    -1,     0,    -2
6589,    -2,     1,    -2
6598,    -2,     1,    -3
6608,     0,     1,    -4
6618,     2,     1,    -4
6628,     2,     1,    -4
6638,     2,     0,    -4
6648,     2,     1,    -4
6658,     4,     1,    -6
6669,     6,     1,    -8
6679,     5,     1,    -7
6689,     5,     1,    -6
6699,     4,     1,    -5
6709,     4,     1,    -4
6719,     3,     1,    -4
6729,     3,     0,    -4
6739,     2,     0,    -4
6749,     2,     0,    -2
6759,     2,     0,    -2
6769,     2,     0,    -1
6779,     1,     0,     0
6789,     1,     0,     0
6799,     1,     0,     0
6809,     0,     0,     0
6819,    -1,    -1,     1
6829,    -1,    -1,     1
6839,    -1,    -1,     2
6849,     0,     0,     2
6859,     0,     0,     1
6869,     1,     0,     0
6879,     1,     0,     0
6889,     1,     1,     0
6899,     2,     1,    -1
6909,     2,     1,    -1
6919,     2,     1,    -2
6929,     1,     1,    -2
6939,     1,     1,    -2
6949,     2,     0,    -2
6959,     2,     0,    -2
6969,     2,     0,    -2
6979,     2,     0,    -1
6989,     1,     0,    -1
6999,     1,     0,    -1
7009,     1,     0,    -1
7019,     1,     0,    -1
7029,     3,     0,    -2
7039,     3,     1,    -3
7049,     3,     0,    -2
7059,     3,     0,    -2
7069,     2,     0,    -2
7080,     2,     0,    -1
7090,     3,     0,     0
7100,     4,     0,     0
7109,     5,     0,     0
7119,     5,     0,     0
7129,     6,     0,     0
7139,     2,     0,    -1
7149,     1,     0,    -1
7159,     1,     0,     0
7169,     1,     0,     0
7179,     1,     0,     0
7189,     1,     0,     0
7199,     1,     0,     0
7209,     2,     0,     0
7219,     2,    -1,     0
7229,     2,    -1,     1
7239,     4,    -1,     1
7249,     7,     0,     2
7259,     2,     0,     0
7269,     1,     0,     0
7279,     1,     0,     0
7289,     1,     0,     0
7299,     3,     0,     0
7309,     3,     0,     0
7319,     3,     0,    -1
7329,     3,     1,    -1
7339,     2,     0,    -2
7349,     2,     0,    -2
7359,     2,     0,    -2
7369,     1,     0,    -2
7379,     2,     1,    -2
7389,     2,     1,    -2
7399,     3,     1,    -3
7409,     4,     1,    -4
7419,     5,     1,    -5
7429,     4,     1,    -4
7439,     4,     0,    -4
7449,     3,     0,    -3
7459,     2,     0,    -3
7469,     1,     0,    -2
7479,     1,     0,    -2
7489,     1,     0,    -2
7499,     1,     0,    -2
7509,     1,     0,    -1
7519,     0,     0,    -1
7529,     0,     0,    -1
7539,     0,     0,     0
7549,     1,    -1,     0
7559,     1,     0,     0
7569,     1,     0,     0
7579,     1,     0,     0
7589,     1,     0,    -1
7600,     3,     0,     0
7610,     2,     0,     0
7620,     1,     0,     0
7630,     1,     0,     0
7640,     1,     0,     0
7650,     1,     0,     0
7660,     0,     0,     0
7670,     0,     0,     0
7679,     0,     0,     0
7689,    -1,     0,     0
7699,    -1,    -1,     0
7709,    -1,     0,    -1
7720,     0,     0,     0
7730,     0,    -1,     0
7740,     0,     0,    -1
7750,     0,     0,    -1
7760,     0,     0,    -1
7770,     0,     0,    -1
7780,    -1,     0,    -1
7789,    -1,     0,    -1
7800,    -1,     0,    -1
7810,     0,     0,    -1
7819,     0,     0,    -1
7829,     0,     0,    -1
7840,     0,     0,    -1
7850,     0,     0,     0
7860,     0,    -1,     0
7870,    -1,    -1,     0
7881,    -1,    -1,     0
7892,     0,    -1,     0
7902,     0,    -1,     0
7912,     0,    -1,     0
7922,     0,    -1,     0
7933,     0,     0,     0
7943,     0,     0,     0
7953,     0,     0,     0
7963,     0,     0,    -1
7973,    -1,     0,     0
7982,    -1,     0,     0
7991,    -1,     0,     0
8000,    -1,     0,     0
8010,    -1,    -1,     0
8019,    -1,    -1,     0
8030,    -1,    -1,     0
8040,    -1,    -1,     1
8050,    -1,    -1,     1
8060,    -1,    -1,     1
8070,    -1,    -1,     0
8080,    -2,    -1,     1
8090,    -2,    -2,     1
8100,    -3,    -1,     2
8110,    -2,    -1,     2
8120,    -2,    -1,     2
8130,    -1,    -1,     1
8140,    -1,    -1,     1
8150,    -1,    -1,     1
8160,    -1,    -1,     1
8170,    -2,    -1,     2
8180,    -1,    -1,     3
8190,     0,    -1,     2
8200,     1,     0,     3
8210,    -2,    -1,     2
8220,    -1,    -1,     1
8230,    -1,    -1,     0
8240,    -1,    -1,     0
8250,     0,    -1,     0
8260,    -1,     0,     0
8270,    -2,    -1,     0
8280,    -2,    -1,     1
8290,     0,    -1,     0
8300,    -1,     0,    -1
8310,     0,     0,     0
8320,     0,     0,     0
8330,     0,     0,    -1
8340,    -1,    -1,     0
8350,    -1,    -1,     1
8360,     3,    -2,     4
8370,     2,    -3,     1
8380,     2,    -3,     1
8390,     4,     1,    -2
8400,    15,     7,    -4
8410,    22,     4,    -2
8420,    25,     3,    -1
8430,    24,     9,     1
8440,    19,    21,     3
8450,    11,    31,     5
8460,     4,    25,     9
8470,    -3,     5,    14
8480,    -3,   -19,    15
8490,    -2,   -37,    14
8500,    -2,   -40,    13
8510,    -1,   -34,    12
8520,     4,   -26,     7
8530,    10,   -20,    -2
8540,    16,   -11,   -11
8550,    18,     3,   -17
8560,    20,    18,   -20
8570,    20,    26,   -18
8580,    14,    19,   -14
8590,     0,    -2,    -5
8600,   -15,   -29,     4
8610,   -29,   -51,    10
8620,   -36,   -53,    12
8630,   -32,   -39,     6
8640,   -18,   -19,    -5
8650,    -2,     4,   -15
8660,    11,    24,   -24
8670,    17,    30,   -30
8680,    12,    20,   -28
8690,    -2,    -3,   -18
8700,   -22,   -33,    -1
8710,   -40,   -58,    13
8720,   -49,   -57,    21
8730,   -47,   -42,    19
8740,   -34,   -19,     8
8750,   -17,     6,    -6
8760,    -5,    22,   -18
8770,    -2,    28,   -21
8780,    -4,    26,   -17
8790,    -5,    18,   -12
8800,    -8,     1,    -4
8810,   -11,   -15,     0
8820,   -17,   -14,     2
8830,   -25,    -5,     2
8840,   -26,     1,    -1
8850,   -23,     3,    -5
8860,   -18,     6,    -7
8870,   -13,     9,    -8
8880,    -7,     4,    -5
8891,    -2,    -2,     0
8900,    -4,    -5,     5
8910,   -18,   -13,    11
8921,   -40,   -27,    18
8931,   -56,   -42,    21
8941,   -57,   -50,    16
8951,   -47,   -43,     9
8961,   -32,   -22,     6
8971,   -17,    -3,     4
8981,    -6,    -2,     7
8991,    -1,    -6,     7
9001,    -2,    -4,     1
9011,    -3,    -3,    -6
9021,    -3,     3,   -12
9031,    -3,    11,   -12
9040,    -8,    20,    -6
9050,   -15,    24,     1
9060,   -16,    16,     7
9070,   -10,     4,     5
9080,     0,     0,     0
9090,     6,     5,    -4
9100,     6,    18,    -4
9110,     4,    28,    -6
9120,     0,    28,    -8
9130,    -6,    18,    -5
9140,    -8,     8,     1
9150,    -2,     3,     3
9161,     9,     3,    -2
9170,    20,     8,    -6
9180,    26,    17,    -9
9190,    25,    20,    -6
9200,    16,    18,     1
9210,     5,     9,     7
9220,    -5,    -1,    13
9230,   -10,    -3,    18
9241,    -6,     0,    18
9251,     5,     3,    14
9261,    16,     7,    10
9271,    36,    18,     4
9281,    54,    27,    -5
9291,    47,    28,    -3
9301,    30,    19,     4
9311,    21,     8,     9
9321,    18,     3,    13
9331,    22,     2,    13
9341,    25,    -1,     8
9351,    24,    -3,    -1
9361,    19,    -6,    -8
9371,    12,    -6,   -10
9381,     6,     0,    -8
9391,     2,     5,    -4
9401,     1,     6,     1
9411,     3,     6,     5
9421,     5,     5,     6
9431,     7,     5,     4
9441,     9,     7,     0
9451,     8,     8,    -4
9461,     4,     4,    -9
9471,     2,    -3,   -13
9481,     4,    -8,   -15
9490,     7,   -11,   -13
9500,    11,    -9,   -11
9510,    12,    -5,   -12
9519,    11,    -1,   -12
9530,    13,    13,   -13
9540,    15,    24,   -12
9550,    11,    19,    -9
9560,     5,     8,    -6
9570,     3,    -3,    -2
9580,     2,   -10,     1
9591,     1,   -11,     2
9601,     2,    -8,     0
9615,     3,    -1,    -4
9624,     2,     3,    -6
9633,     0,     6,    -7
9642,    -1,     6,    -7
9651,     0,     5,    -6
9661,     4,     6,    -7
9671,     9,     8,   -10
9681,    10,    10,    -9
9691,    10,    -3,    -6
9701,     1,    -4,    -2
9711,    -5,    -4,     0
9721,    -7,    -4,     2
9731,    -7,    -4,     3
9741,    -5,    -4,     2
9751,    -1,    -3,     1
9761,     0,    -3,     0
9771,     2,    -2,    -1
9781,     1,    -2,    -1
9792,     0,    -2,    -1
9801,    -1,    -2,    -2
9811,    -2,    -2,    -2
9821,    -4,    -1,     1
9832,    -7,    -2,     3
9841,    -4,    -1,     2
9853,    -4,    -3,     1
9862,    -1,    -2,     1
9871,    -2,    -3,     0
9881,    -2,    -2,    -1
9891,    -4,    -3,    -1
9901,    -2,    -3,    -3
9911,    -1,    -2,    -4
9921,     0,    -1,    -5
9931,    -1,     0,    -3
9941,    -2,    -1,    -2
9951,    -1,     0,    -2
9961,    -3,    -1,    -1
9971,    -3,     0,     0
9981,    -6,    -1,     1
9991,    -5,     0,     0
10001,    -2,     0,    -2
10011,     0,     0,    -4
10021,     1,     0,    -5
10031,     1,    -1,    -6
10041,     3,    -2,    -8
10051,     4,    -1,    -6
10061,    -1,    -1,    -3
10071,    -3,    -1,    -2
10081,    -2,    -1,    -3
10091,    -2,    -1,    -2
10101,    -2,    -1,    -1
10111,    -1,    -2,    -2
10121,     3,    -2,    -4
10131,     4,    -2,    -5
10141,     3,    -2,    -4
10151,    -1,    -2,    -2
10161,    -3,    -2,     0
10171,    -3,    -2,     0
10181,    -3,    -1,     0
10192,    -4,    -1,     0
10201,    -2,    -1,     1
10211,     0,    -1,     1
10222,     1,    -1,     1
10232,     2,    -2,     1
10242,     2,    -3,     1
10252,     1,    -4,     1
10262,     0,    -4,     1
10272,     0,    -3,     0
10282,    -1,    -3,    -1
10292,    -1,    -2,    -1
10302,     1,    -2,    -1
10312,     2,    -2,    -1
10322,     2,    -3,    -1
10332,     0,    -3,     0
10342,    -1,    -3,     0
10352,    -2,    -2,    -1
10362,    -2,    -2,    -1
10372,    -3,    -2,    -1
10382,    -2,    -2,    -1
10391,    -2,    -2,    -1
10402,    -1,    -2,    -1
10411,     0,    -2,    -1
10421,     1,    -2,     0
10432,     2,    -2,     0
10442,     3,    -3,     0
10451,     3,    -3,     0
10462,     2,    -3,     0
10472,     0,    -3,     0
10482,    -1,    -2,     0
10492,    -1,    -2,     0
10502,    -1,    -2,     0
10512,     1,    -2,     0
10522,     1,    -2,     0
10532,     0,    -2,     0
10542,     0,    -2,     0
10552,    -1,    -2,     0
10562,     0,    -1,     0
10572,     0,    -1,    -1
10581,     0,    -1,    -1
10591,    -1,    -1,     0
10601,    -1,    -1,     0
10611,     0,    -1,    -1
10621,     0,    -1,    -1
10631,     0,    -1,    -1
10641,     0,    -1,    -1
10651,     1,    -1,    -1
10661,     0,    -1,    -1
10671,    -1,    -1,    -1
10682,    -2,    -1,    -1
10692,    -2,    -1,    -1
10702,     0,    -1,    -1
10712,     0,    -1,    -1
10722,     0,    -1,    -1
10732,     0,    -1,    -1
10742,     0,    -1,    -1
10752,     0,    -1,    -1
10762,     0,    -1,    -1
10772,     0,    -1,    -1
10782,    -1,    -1,    -1
10792,    -1,    -1,    -1
10802,    -1,    -1,    -1
10812,    -1,    -1,    -1
10822,     0,    -1,    -1
10832,     0,    -1,    -1
10842,     1,    -1,    -1
10852,     1,    -1,    -1
10862,     0,    -1,    -1
10872,     0,    -1,     0
10882,     0,    -1,     0
10892,     1,    -1,     0
10902,     2,    -1,     0
10912,     2,    -1,    -1
10922,     2,    -1,    -1
10932,     1,    -1,    -1
10942,     1,    -1,    -1
10952,     0,    -1,    -1
10962,     1,    -1,    -1
10971,     0,    -1,     0
10981,     0,    -1,     0
10992,     1,     0,    -1
11002,     1,    -1,     0
11012,     2,    -1,    -1
11021,     2,    -1,    -1
11031,     1,    -1,     0
11041,     0,    -1,     0
11052,     0,    -1,     0
11061,     0,    -1,     0
11072,     1,     0,     0
11082,     2,     0,     0
11093,     1,     0,     0
11102,     2,    -1,     0
11112,     2,    -1,     0
11122,     3,    -1,     0
11132,     3,    -1,     0
11142,     3,     0,    -1
11152,     1,     0,    -1
11162,     0,     0,    -1
11172,     0,     0,    -1
11182,     0,    -1,    -1
11192,     0,    -1,    -1
11202,     2,    -1,    -1
11212,     2,    -1,    -1
11222,     0,     0,    -1
11232,    -1,     0,     0
11242,    -1,     0,     0
11252,    -1,     0,    -1
11262,     0,     0,    -1
11272,     0,     0,    -1
11282,    -1,     0,    -1
11293,    -1,     0,    -1
11304,    -1,    -1,    -1
11314,    -1,    -1,    -1
11324,     0,    -1,    -1
11335,    -1,    -1,    -1
11345,    -2,    -1,    -1
11355,    -3,    -1,    -1
11366,    -3,     0,    -1
11377,    -2,    -1,    -1
11387,     1,    -1,    -1
11397,     2,    -1,    -1
11406,     2,     0,    -1
11415,     1,    -1,    -1
11424,     0,     0,    -1
11433,     0,     0,    -1
11442,    -1,     0,     0
11452,    -2,     0,     0
11462,    -2,     0,     0
11472,    -1,    -1,     0
11482,     0,    -1,     0
11492,     1,    -1,    -1
11502,     2,    -1,    -1
11512,     3,    -1,    -1
11522,     2,    -1,    -1
11532,     2,    -1,    -1
11542,     0,    -1,    -2
11552,     3,     0,    -7
11563,     4,    -1,    -5
11573,     2,    -1,    -4
11583,     1,    -1,    -4
11593,     2,    -1,    -4
11603,     3,    -1,    -4
11613,     2,    -1,    -3
11623,     0,    -1,    -2
11633,    -2,     0,    -1
11643,    -2,     0,    -1
11653,    -1,     0,    -1
11663,     0,     0,    -1
11673,     0,     0,    -1
11683,    -1,     0,    -1
11693,    -2,     1,    -1
11703,    -2,     1,    -2
11713,    -2,     1,    -3
11723,    -2,     2,    -7
11732,     2,     4,   -10
11742,     3,     4,   -10
11752,     2,     3,   -10
11762,     3,     3,   -11
11772,     4,     2,   -12
11782,     4,    -3,   -13
11792,     2,   -10,   -13
11802,     0,   -15,   -11
11812,   -12,   -13,    -2
11822,   -11,   -11,    -4
11832,    -4,   -12,    -8
11842,     0,   -11,    -7
11852,     1,    -9,    -6
11863,    -9,   -11,     0
11872,   -15,   -16,     5
11883,   -16,   -20,     6
11893,   -10,   -18,     6
11903,    -2,   -13,     5
11913,     1,   -11,     6
11923,     1,   -13,     6
11933,     0,   -17,     8
11943,     0,   -20,     9
11953,     2,   -18,     8
11963,     3,   -16,     7
11973,     3,   -14,     7
11983,     2,   -13,     9
11993,     2,   -14,    11
12003,     0,   -17,    16
12013,     0,   -14,    19
12023,     1,    -9,    18
12033,     2,    -9,    16
12043,     5,    -9,    13
12053,     6,    -7,     9
12063,     6,    -4,     7
12072,     7,    -1,     6
12082,     5,     0,     7
12092,     3,    -4,    11
12102,    -4,    -9,    18
12112,    -6,    -8,    21
12122,    -7,    -5,    25
12132,    -5,     0,    28
12142,    -2,     2,    26
12152,    -1,     1,    23
12163,    -1,     3,    21
12173,    -1,     7,    21
12183,     0,    10,    24
12193,     2,     7,    28
12203,     3,     0,    30
12213,     4,    -2,    29
12223,     3,     0,    28
12233,     0,     2,    26
12243,    -1,    -1,    21
12253,     1,    -5,    16
12263,     5,    -4,    13
12273,    10,    -1,    14
12283,    13,     5,    19
12293,    12,    17,    22
12303,    10,    22,    21
12313,     7,    18,    16
12323,     3,    10,    12
12333,     0,     4,     9
12343,     1,     0,     8
12353,     5,    -1,    10
12363,     8,     3,    13
12373,    10,     9,    15
12383,    10,    17,    16
12393,     9,    24,    14
12403,     8,    23,     9
12413,     7,    17,     6
12423,     7,    13,     3
12433,     6,    12,     3
12443,     6,    11,     2
12453,     7,     8,     1
12463,     7,     8,     0
12473,     8,     8,    -3
12483,     8,     9,    -3
12493,     4,    17,    -2
12503,    -1,    25,    -3
12513,    -6,    25,    -5
12523,    -8,    17,    -9
12533,   -12,     6,   -12
12544,   -13,    -4,   -14
12554,    -9,    -6,   -15
12564,    -4,     2,   -13
12574,    -2,    13,    -9
12584,    -2,    17,    -7
12594,    -5,    14,    -4
12604,   -12,     8,    -3
12615,   -17,     2,    -4
12624,   -17,    -2,    -7
12633,   -14,    -5,   -11
12643,    -8,    -6,   -14
12653,    -3,    -1,   -14
12663,    -1,    10,   -11
12673,    -2,    18,    -8
12683,    -6,    19,    -4
12693,   -11,    13,     0
12703,   -16,     2,     3
12713,   -19,   -10,     7
12723,   -15,   -15,     6
12734,    -8,   -10,     3
12744,    -1,     0,     0
12754,     3,    12,    -2
12764,     8,    14,   -10
12774,     7,     7,   -15
12784,     4,     4,   -15
12794,     4,     1,   -15
12804,     3,    -4,   -13
12814,     1,    -7,   -11
12824,    -2,   -10,    -3
12833,    -2,    -8,    -2
12843,    -2,    -8,    -5
12853,    -4,   -10,    -7
12863,    -6,   -11,    -8
12873,    -6,   -13,    -9
12883,    -6,   -15,    -8
12893,    -5,   -15,    -6
12903,    -3,   -12,    -5
12913,     1,    -7,    -6
12923,     1,    -2,    -7
12933,     2,     0,    -9
12943,     3,    -1,   -12
12953,     2,    -4,   -14
12963,     1,    -5,   -14
12973,    -1,    -8,   -12
12983,    -1,   -11,   -11
12994,     0,   -11,   -10
13004,     2,    -9,    -7
13015,     3,    -3,    -4
13025,     2,     2,    -2
13035,     4,     4,    -2
13045,     5,     4,    -2
13055,     3,     5,    -3
13066,     3,     4,    -5
13076,     3,     2,    -6
13086,     1,     3,    -5
13096,     2,     3,    -6
13107,     3,     2,    -5
13116,     1,     5,    -2
13125,     0,     7,    -2
13134,     1,     7,    -1
13144,     0,    13,    -2
13154,     1,    14,    -3
13164,     2,     9,    -4
13174,     2,     8,    -4
13184,     1,     8,    -4
13194,     1,     8,    -5
13204,     2,     7,    -4
13214,     1,     5,    -4
13224,    -1,     2,    -2
13234,    -2,     0,    -2
13244,    -2,     0,    -2
13253,    -2,     1,    -2
13263,    -1,     2,    -2
13273,     1,     2,    -3
13283,     1,    -1,    -3
13293,     0,    -1,    -2
13303,    -2,    -1,    -1
13313,    -2,    -1,    -1
13323,    -2,    -2,    -1
13333,    -1,    -2,     0
13343,    -1,    -2,     0
13354,     0,    -1,     0
13364,     0,    -2,    -1
13374,     0,    -2,    -1
13384,    -1,    -1,    -1
13394,    -1,    -1,     0
13404,    -1,    -1,     0
13414,     0,    -1,     0
13424,     0,    -1,     0
13434,     1,    -1,     0
13444,     1,    -2,     0
13454,     1,    -2,     0
13464,     1,    -2,     0
13474,     1,    -2,     0
13484,     1,    -2,     0
13494,     0,    -2,     0
13504,     0,    -2,     0
13514,     1,    -2,     0
13524,     1,    -2,     0
13534,     0,    -2,     1
13544,     0,    -2,     1
13554,     1,    -3,     1
13564,     2,    -3,     1
13574,     2,    -3,     0
13584,     2,    -2,     0
13594,     1,    -2,     0
13603,     0,    -2,     0
13614,     1,    -2,     0
13624,     0,    -2,     0
13634,    -1,    -2,     0
13644,     0,    -2,     0
13654,     1,    -2,     0
13664,     1,    -2,     0
13674,     1,    -2,     0
13684,     2,    -2,     0
13694,     1,    -2,     0
13704,    -1,    -2,     0
13714,    -1,    -2,     0
13724,    -1,    -2,     0
13734,    -1,    -2,     0
13744,    -1,    -2,     0
13754,    -2,    -2,     0
13764,    -1,    -2,     0
13774,     0,    -2,     0
13784,     2,    -2,    -1
13794,     2,    -2,    -1
13804,     0,    -2,    -1
13814,     0,    -2,     0
13824,    -1,    -2,     0
13834,    -1,    -2,     0
13844,     0,    -2,     0
13854,     1,    -2,    -1
13864,     2,    -2,    -1
13874,     2,    -2,    -1
13884,     1,    -2,    -1
13894,     1,    -2,     0
13905,     0,    -2,     0
13915,     0,    -2,     0
13925,     1,    -2,     0
13935,     1,    -2,     0
13948,     1,    -1,     0
13957,     1,    -1,    -1
13966,     1,    -1,    -1
13975,     0,    -1,    -1
13984,    -1,    -1,    -1
13994,    -1,    -1,    -1
14004,    -1,     0,    -1
14014,    -1,     0,    -1
14026,    -2,     0,    -1
14036,    -2,    -1,    -1
14046,    -1,    -1,    -1
14057,    -2,    -1,    -1
14067,    -2,    -1,    -1
14077,    -3,    -1,    -1
14087,    -3,    -1,     0
14098,    -2,    -1,     0
14108,    -1,    -1,     0
14117,     1,     0,     0
14126,     1,     0,     0
14135,     1,     0,     0
14144,     0,     0,     0
14154,    -2,     0,     0
14164,    -3,    -1,     0
14174,    -4,    -1,     0
14184,    -4,    -1,     0
14194,    -3,    -1,     0
14204,    -3,    -1,     0
14214,    -2,    -1,    -1
14225,    -1,    -1,    -1
14235,    -1,    -1,    -1
14246,     0,     0,    -1
14256,     1,     0,    -1
14266,     2,     0,    -1
14276,     2,     0,    -1
14286,     2,     0,    -1
14297,     3,     0,     0
14307,     3,     0,    -1
14317,     3,     0,    -1
14327,     2,    -1,    -1
14336,     0,     0,    -1
14345,     0,     0,     0
14355,     0,     0,     0
14364,     1,     0,     0
14374,     2,     0,     0
14384,     2,     0,     0
14394,     2,     0,    -1
14404,     1,    -1,     0
14414,    -1,    -1,     0
14425,    -1,    -1,     0
14435,    -1,     0,    -1
14446,    -1,     0,     0
14456,    -2,    -1,    -1
14466,    -2,     0,    -1
14476,    -2,     0,     0
14486,    -2,     0,     0
14497,    -1,     0,    -1
14507,    -1,     0,    -1
14517,    -1,     0,     0
14526,     0,     0,     0
14535,     1,     0,     0
14544,     3,     0,     0
14555,     0,    -1,     3
14565,    -2,    -1,     3
14574,    -1,    -1,     2
14585,     0,     0,     0
14595,     1,    -1,    -1
14605,     0,    -1,     0
14615,    -1,    -1,    -1
14626,     0,    -1,    -1
14636,     0,    -1,    -1
14646,     2,    -1,    -1
14656,     4,     0,    -1
14667,     3,     0,    -1
14677,     2,     0,    -1
14687,     1,     0,    -1
14697,     1,     0,    -1
14708,     1,     0,    -1
14718,     1,     0,    -1
14727,     2,     0,     0
14736,    -1,    -1,     2
14745,     0,     0,     0
14755,     2,    -1,    -1
14764,     0,    -1,    -1
14774,    -2,    -1,    -1
14784,    -1,    -1,    -1
14794,     0,    -1,    -1
14804,    -1,     0,     0
14814,     1,     0,    -1
14824,     2,     0,    -1
14835,     2,     0,     0
14845,     4,     0,     0
14855,     5,     0,    -1
14865,     5,     0,    -1
14875,     7,     0,     1
14885,     4,     0,     3
14895,     3,     0,     3
14905,     3,     0,     4
14915,     1,     0,     4
14926,     0,     0,     5
14936,    -2,     0,     5
14946,    -4,    -1,     5
14956,    -3,    -1,     3
14967,    -2,     0,     1
14977,     0,     0,     0
14987,     0,    -1,     0
14998,    -1,    -1,     0
15008,    -2,    -1,     0
15018,    -2,    -1,     0
15028,    -3,    -1,     0
15037,    -3,    -1,    -1
15046,    -3,    -1,    -1
15055,    -3,    -1,    -1
15065,    -3,    -1,    -1
15075,    -2,    -1,    -1
15085,    -1,    -1,    -1
15095,     0,    -1,    -1
15105,    -1,    -1,    -1
15115,    -1,     0,     0
15125,    -1,     0,     0
15136,    -2,    -1,     0
15147,    -2,    -1,     0
15157,    -2,    -1,    -1
15167,    -3,    -1,     0
15178,    -3,    -1,     0
15188,    -3,    -1,    -1
15198,    -3,    -1,     0
15208,    -3,    -1,     0
15218,    -2,    -1,     0
15229,     0,     0,    -1
15239,     0,    -1,     0
15249,    -1,    -1,     0
15259,    -1,    -1,     0
15270,    -1,    -1,     0
15280,    -1,     0,     0
15290,    -1,     0,    -1
15300,    -1,     0,     0
15311,     0,     0,     0
15321,     1,     0,     0
15331,     2,     0,    -1
15340,     2,     0,    -1
15349,     1,    -1,    -1
15358,     0,    -1,    -1
15367,    -1,    -1,    -1
15376,    -2,    -1,    -1
15385,    -2,    -1,    -1
15395,    -2,    -1,     0
15405,    -1,    -1,    -1
15415,     0,     0,    -1
15425,     0,    -1,    -1
15435,     1,    -1,    -1
15445,     1,    -1,    -1
15455,     0,    -1,    -1
15465,     0,    -1,    -1
15475,    -1,    -1,    -1
15485,    -1,    -1,    -1
15495,     0,     0,    -1
15505,     1,     0,    -1
15515,     2,     0,    -2
15525,     3,     0,    -2
15535,     1,     0,    -2
15545,     1,     0,    -1
15555,     0,     0,     0
15565,     0,     0,     0
15575,     0,     0,     0
15585,     0,     0,     0
15595,    -1,     0,     0
15605,    -1,     0,     0
15615,     0,     0,     0
15625,     0,     0,     0
15635,     0,     0,     0
15645,    -1,     0,     0
15655,    -2,     0,     0
15665,    -3,     0,     0
15675,    -5,     0,     0
15685,    -7,     0,     0
15695,    -7,    -1,     0
15705,    -7,    -1,     0
15715,    -6,    -1,     0
15725,    -5,    -1,     0
15735,    -5,    -1,     0
15745,    -3,    -1,     0
15755,    -3,    -1,    -1
15766,    -2,     0,    -1
15775,    -1,     0,    -1
15785,    -1,     0,    -1
15796,    -1,    -1,     0
15805,    -2,    -1,     0
15815,    -3,    -1,     0
15825,    -3,     0,    -1
15836,    -3,     0,    -1
15846,    -5,     0,    -1
15857,    -6,     0,    -1
15867,    -7,     0,    -4
15877,    -6,     1,    -4
15889,    -5,     1,    -4
15899,    -3,     0,    -4
15909,    -2,     0,    -4
15920,    -3,     0,    -4
15930,    -1,     0,    -3
15940,     0,    -1,    -3
15948,     1,     0,    -3
15957,     1,     0,    -3
15967,     0,     0,    -2
15976,     0,     0,    -2
15986,     0,     0,    -2
15996,    -1,     0,    -2
16006,    -1,     0,    -2
16016,     0,     0,    -2
16026,     1,     0,    -2
16036,     1,     0,    -2
16047,     1,     0,    -1
16057,     0,     0,    -1
16067,     0,     0,    -1
16078,     0,     1,    -1
16088,     0,     1,    -1
16098,     0,     0,    -1
16109,    -1,     0,    -1
16119,     0,     0,    -1
16129,     0,     0,    -1
16140,     0,     0,     0
16149,     0,     0,     0
16158,     0,     0,     0
16167,     0,     0,    -1
16176,    -1,     0,    -1
16186,    -3,     1,    -1
16196,    -2,     0,    -1
16206,    -2,     0,    -1
16216,    -1,     0,    -1
16226,     0,     0,    -1
16236,     0,     0,    -1
16247,     0,     0,    -1
16258,     1,     0,    -1
16268,     1,     0,    -1
16278,     0,     0,    -1
16288,    -1,     0,    -1
16298,    -1,     0,    -1
16309,    -1,     0,    -1
16319,    -1,     0,     0
16329,     0,    -1,     0
16339,     0,     0,    -1
16348,     1,     0,    -1
16357,     1,     0,    -1
16366,     2,     0,    -1
16376,     2,     0,    -1
16386,     1,     0,    -1
16396,     0,     0,    -1
16406,     0,     0,    -1
16416,    -1,     0,    -1
16426,    -1,     0,    -1
16436,    -1,     0,    -1
16447,     0,     0,    -1
16457,     1,     0,    -1
16467,     2,     0,    -1
16478,     1,     0,    -1
16488,     1,     0,    -1
16498,    -1,    -1,     0
16508,    -2,    -1,     0
16519,    -2,    -1,     0
16529,    -2,    -1,     0
16539,    -1,     0,     0
16548,     1,     0,    -1
16557,     2,     1,    -1
16566,     3,     1,    -2
16576,     3,     2,    -2
16586,     4,     1,    -2
16596,     3,     1,    -2
16606,     3,     0,    -1
