time,qw,qx,qy,qz
5,-0.88696,-0.00348,-0.01184,-0.46173
10,-0.88702,-0.00378,-0.01215,-0.46167
15,-0.88702,-0.00439,-0.01245,-0.46161
20,-0.88702,-0.00488,-0.01263,-0.46155
24,-0.88708,-0.00531,-0.01288,-0.46149
29,-0.88708,-0.00562,-0.01306,-0.46149
34,-0.88708,-0.00586,-0.01324,-0.46143
39,-0.88715,-0.00604,-0.01343,-0.46136
44,-0.88721,-0.00623,-0.01367,-0.46124
49,-0.88727,-0.00647,-0.01392,-0.46112
54,-0.88733,-0.00671,-0.01422,-0.46100
58,-0.88739,-0.00684,-0.01447,-0.46088
63,-0.88745,-0.00653,-0.01459,-0.46069
68,-0.88763,-0.00592,-0.01465,-0.46045
73,-0.88776,-0.00500,-0.01465,-0.46014
78,-0.88788,-0.00397,-0.01459,-0.45990
82,-0.88800,-0.00299,-0.01434,-0.45966
87,-0.88800,-0.00220,-0.01385,-0.45972
92,-0.88794,-0.00134,-0.01294,-0.45990
97,-0.88788,-0.00122,-0.01221,-0.46002
101,-0.88770,-0.00092,-0.01129,-0.46039
106,-0.88745,-0.00055,-0.01025,-0.46088
111,-0.88721,-0.00012,-0.00934,-0.46136
116,-0.88702,0.00012,-0.00867,-0.46173
120,-0.88690,0.00024,-0.00836,-0.46191
125,-0.88690,0.00024,-0.00836,-0.46204
130,-0.88684,0.00012,-0.00836,-0.46210
135,-0.88678,-0.00006,-0.00842,-0.46216
139,-0.88678,-0.00018,-0.00842,-0.46222
144,-0.88678,-0.00031,-0.00842,-0.46228
150,-0.88678,-0.00031,-0.00848,-0.46222
160,-0.88678,-0.00037,-0.00861,-0.46216
170,-0.88684,-0.00055,-0.00885,-0.46210
180,-0.88690,-0.00085,-0.00916,-0.46204
190,-0.88684,-0.00140,-0.00928,-0.46204
200,-0.88678,-0.00189,-0.00934,-0.46216
210,-0.88672,-0.00226,-0.00934,-0.46228
220,-0.88666,-0.00256,-0.00922,-0.46240
230,-0.88660,-0.00281,-0.00909,-0.46259
240,-0.88647,-0.00305,-0.00891,-0.46277
250,-0.88641,-0.00293,-0.00879,-0.46295
260,-0.88654,-0.00226,-0.00873,-0.46271
270,-0.88654,-0.00232,-0.00885,-0.46271
280,-0.88654,-0.00238,-0.00885,-0.46265
290,-0.88654,-0.00232,-0.00885,-0.46265
300,-0.88654,-0.00226,-0.00879,-0.46265
310,-0.88654,-0.00232,-0.00885,-0.46265
320,-0.88654,-0.00238,-0.00885,-0.46265
330,-0.88654,-0.00244,-0.00891,-0.46265
340,-0.88654,-0.00250,-0.00891,-0.46265
350,-0.88654,-0.00262,-0.00897,-0.46265
360,-0.88654,-0.00269,-0.00897,-0.46265
370,-0.88654,-0.00275,-0.00903,-0.46265
380,-0.88654,-0.00281,-0.00903,-0.46265
390,-0.88654,-0.00287,-0.00909,-0.46271
400,-0.88654,-0.00299,-0.00916,-0.46271
410,-0.88654,-0.00305,-0.00916,-0.46271
420,-0.88654,-0.00305,-0.00916,-0.46271
430,-0.88654,-0.00305,-0.00909,-0.46271
440,-0.88647,-0.00299,-0.00909,-0.46271
450,-0.88647,-0.00299,-0.00909,-0.46271
460,-0.88647,-0.00299,-0.00909,-0.46271
470,-0.88647,-0.00299,-0.00909,-0.46271
480,-0.88647,-0.00299,-0.00909,-0.46271
490,-0.88647,-0.00299,-0.00909,-0.46271
500,-0.88647,-0.00299,-0.00909,-0.46271
510,-0.88647,-0.00293,-0.00903,-0.46271
520,-0.88647,-0.00287,-0.00903,-0.46271
530,-0.88647,-0.00281,-0.00903,-0.46271
540,-0.88654,-0.00287,-0.00903,-0.46271
550,-0.88654,-0.00287,-0.00903,-0.46271
560,-0.88654,-0.00287,-0.00903,-0.46271
570,-0.88654,-0.00287,-0.00909,-0.46271
580,-0.88654,-0.00287,-0.00909,-0.46271
590,-0.88654,-0.00287,-0.00909,-0.46265
600,-0.88654,-0.00293,-0.00909,-0.46265
610,-0.88654,-0.00293,-0.00909,-0.46265
624,-0.88654,-0.00293,-0.00916,-0.46265
634,-0.88654,-0.00293,-0.00916,-0.46265
644,-0.88654,-0.00293,-0.00916,-0.46271
654,-0.88654,-0.00299,-0.00916,-0.46271
664,-0.88654,-0.00305,-0.00916,-0.46271
674,-0.88654,-0.00305,-0.00916,-0.46271
684,-0.88654,-0.00305,-0.00916,-0.46265
694,-0.88654,-0.00305,-0.00916,-0.46265
704,-0.88654,-0.00305,-0.00922,-0.46265
714,-0.88654,-0.00317,-0.00922,-0.46271
724,-0.88654,-0.00323,-0.00928,-0.46271
734,-0.88647,-0.00330,-0.00928,-0.46271
745,-0.88647,-0.00336,-0.00934,-0.46271
754,-0.88647,-0.00342,-0.00934,-0.46271
764,-0.88647,-0.00348,-0.00934,-0.46277
775,-0.88647,-0.00348,-0.00934,-0.46277
785,-0.88647,-0.00348,-0.00934,-0.46277
795,-0.88647,-0.00342,-0.00928,-0.46277
805,-0.88647,-0.00342,-0.00928,-0.46277
814,-0.88647,-0.00342,-0.00934,-0.46283
824,-0.88641,-0.00354,-0.00940,-0.46283
834,-0.88635,-0.00366,-0.00946,-0.46295
844,-0.88635,-0.00385,-0.00952,-0.46301
854,-0.88629,-0.00403,-0.00958,-0.46313
864,-0.88623,-0.00409,-0.00958,-0.46326
874,-0.88617,-0.00421,-0.00964,-0.46332
884,-0.88611,-0.00446,-0.00970,-0.46338
894,-0.88611,-0.00470,-0.00983,-0.46344
904,-0.88611,-0.00500,-0.00995,-0.46344
914,-0.88611,-0.00519,-0.01001,-0.46344
924,-0.88611,-0.00525,-0.01001,-0.46344
934,-0.88611,-0.00531,-0.01001,-0.46344
945,-0.88611,-0.00537,-0.01001,-0.46344
954,-0.88611,-0.00537,-0.00995,-0.46344
965,-0.88611,-0.00543,-0.00995,-0.46350
975,-0.88611,-0.00543,-0.00995,-0.46350
985,-0.88611,-0.00549,-0.00995,-0.46350
995,-0.88611,-0.00549,-0.00989,-0.46350
1005,-0.88611,-0.00543,-0.00989,-0.46344
1015,-0.88611,-0.00537,-0.00989,-0.46344
1025,-0.88611,-0.00531,-0.00983,-0.46344
1035,-0.88611,-0.00531,-0.00983,-0.46344
1045,-0.88611,-0.00537,-0.00989,-0.46338
1055,-0.88611,-0.00537,-0.00989,-0.46338
1065,-0.88617,-0.00537,-0.00989,-0.46338
1074,-0.88617,-0.00537,-0.00989,-0.46338
1084,-0.88617,-0.00531,-0.00989,-0.46338
1094,-0.88617,-0.00525,-0.00983,-0.46338
1104,-0.88617,-0.00519,-0.00983,-0.46338
1115,-0.88617,-0.00513,-0.00983,-0.46338
1126,-0.88617,-0.00513,-0.00983,-0.46338
1136,-0.88617,-0.00513,-0.00983,-0.46332
1147,-0.88617,-0.00507,-0.00977,-0.46332
1157,-0.88617,-0.00507,-0.00977,-0.46332
1167,-0.88617,-0.00507,-0.00977,-0.46332
1178,-0.88617,-0.00500,-0.00977,-0.46332
1188,-0.88617,-0.00500,-0.00977,-0.46332
1198,-0.88617,-0.00494,-0.00977,-0.46332
1209,-0.88617,-0.00494,-0.00977,-0.46332
1219,-0.88617,-0.00494,-0.00977,-0.46332
1228,-0.88617,-0.00500,-0.00983,-0.46332
1237,-0.88617,-0.00507,-0.00983,-0.46326
1246,-0.88617,-0.00513,-0.00989,-0.46326
1255,-0.88617,-0.00519,-0.00989,-0.46326
1265,-0.88623,-0.00525,-0.00989,-0.46326
1275,-0.88623,-0.00525,-0.00995,-0.46326
1285,-0.88623,-0.00531,-0.01001,-0.46320
1295,-0.88623,-0.00543,-0.01001,-0.46320
1305,-0.88623,-0.00549,-0.01007,-0.46320
1315,-0.88623,-0.00555,-0.01013,-0.46320
1325,-0.88623,-0.00562,-0.01013,-0.46313
1335,-0.88623,-0.00562,-0.01013,-0.46313
1345,-0.88623,-0.00562,-0.01013,-0.46313
1355,-0.88623,-0.00568,-0.01013,-0.46313
1365,-0.88629,-0.00574,-0.01019,-0.46313
1375,-0.88629,-0.00586,-0.01031,-0.46307
1385,-0.88629,-0.00604,-0.01038,-0.46307
1395,-0.88629,-0.00616,-0.01044,-0.46307
1405,-0.88629,-0.00623,-0.01050,-0.46307
1415,-0.88629,-0.00629,-0.01050,-0.46307
1425,-0.88629,-0.00629,-0.01056,-0.46307
1435,-0.88629,-0.00635,-0.01056,-0.46307
1445,-0.88629,-0.00635,-0.01056,-0.46307
1455,-0.88629,-0.00629,-0.01056,-0.46313
1465,-0.88629,-0.00629,-0.01056,-0.46313
1475,-0.88629,-0.00623,-0.01056,-0.46307
1485,-0.88629,-0.00616,-0.01056,-0.46307
1495,-0.88629,-0.00610,-0.01056,-0.46307
1505,-0.88629,-0.00598,-0.01050,-0.46307
1515,-0.88629,-0.00574,-0.01044,-0.46307
1525,-0.88629,-0.00543,-0.01031,-0.46301
1534,-0.88635,-0.00519,-0.01025,-0.46301
1546,-0.88635,-0.00494,-0.01013,-0.46295
1554,-0.88635,-0.00470,-0.01001,-0.46295
1564,-0.88635,-0.00458,-0.01001,-0.46295
1576,-0.88635,-0.00458,-0.01001,-0.46295
1584,-0.88635,-0.00470,-0.01013,-0.46289
1594,-0.88635,-0.00482,-0.01019,-0.46289
1604,-0.88635,-0.00488,-0.01025,-0.46289
1614,-0.88641,-0.00488,-0.01031,-0.46289
1624,-0.88641,-0.00494,-0.01038,-0.46283
1635,-0.88647,-0.00476,-0.01031,-0.46277
1645,-0.88647,-0.00433,-0.01019,-0.46271
1655,-0.88654,-0.00366,-0.00995,-0.46265
1665,-0.88654,-0.00287,-0.00964,-0.46259
1675,-0.88629,-0.00256,-0.00970,-0.46307
1685,-0.88605,-0.00183,-0.00903,-0.46356
1695,-0.88593,-0.00128,-0.00775,-0.46381
1705,-0.88574,-0.00110,-0.00629,-0.46423
1715,-0.88556,-0.00092,-0.00397,-0.46466
1725,-0.88531,-0.00134,-0.00037,-0.46509
1735,-0.88513,-0.00269,0.00439,-0.46545
1745,-0.88452,-0.00409,0.00922,-0.46643
1755,-0.88361,-0.00464,0.01379,-0.46814
1765,-0.88239,-0.00458,0.01825,-0.47021
1775,-0.88123,-0.00409,0.02289,-0.47217
1785,-0.88055,-0.00446,0.02539,-0.47333
1795,-0.88037,-0.00629,0.02472,-0.47369
1805,-0.88043,-0.00757,0.02222,-0.47363
1815,-0.88037,-0.00885,0.01923,-0.47394
1825,-0.88000,-0.01013,0.01764,-0.47461
1835,-0.87946,-0.01147,0.01733,-0.47565
1845,-0.87860,-0.01270,0.01837,-0.47705
1855,-0.87769,-0.01379,0.02057,-0.47864
1865,-0.87677,-0.01501,0.02338,-0.48016
1875,-0.87604,-0.01648,0.02612,-0.48138
1885,-0.87567,-0.01801,0.02802,-0.48187
1895,-0.87579,-0.01971,0.02875,-0.48157
1905,-0.87634,-0.02155,0.02850,-0.48041
1915,-0.87720,-0.02374,0.02759,-0.47888
1925,-0.87799,-0.02606,0.02631,-0.47729
1935,-0.87878,-0.02820,0.02509,-0.47589
1945,-0.87933,-0.02985,0.02441,-0.47467
1955,-0.87976,-0.03125,0.02484,-0.47375
1965,-0.88000,-0.03253,0.02667,-0.47314
1975,-0.88013,-0.03430,0.02954,-0.47266
1985,-0.88037,-0.03668,0.03247,-0.47186
1995,-0.88086,-0.03931,0.03418,-0.47058
2005,-0.88177,-0.04181,0.03400,-0.46875
2015,-0.88293,-0.04413,0.03204,-0.46643
2025,-0.88422,-0.04633,0.02924,-0.46387
2035,-0.88550,-0.04852,0.02661,-0.46143
2045,-0.88654,-0.05054,0.02521,-0.45929
2055,-0.88727,-0.05237,0.02539,-0.45764
2065,-0.88751,-0.05426,0.02710,-0.45685
2075,-0.88733,-0.05597,0.02966,-0.45679
2085,-0.88696,-0.05792,0.03180,-0.45721
2095,-0.88684,-0.06024,0.03198,-0.45709
2105,-0.88812,-0.06134,0.02826,-0.45477
2115,-0.88849,-0.06213,0.02319,-0.45416
2125,-0.88904,-0.06183,0.01984,-0.45325
2135,-0.88940,-0.06189,0.01691,-0.45270
2145,-0.88940,-0.06116,0.01581,-0.45276
2155,-0.88922,-0.06024,0.01642,-0.45331
2165,-0.88867,-0.05975,0.01837,-0.45435
2175,-0.88794,-0.05927,0.02094,-0.45581
2185,-0.88721,-0.05823,0.02344,-0.45715
2195,-0.88647,-0.05743,0.02563,-0.45856
2205,-0.88574,-0.05670,0.02722,-0.45996
2215,-0.88489,-0.05566,0.02795,-0.46167
2225,-0.88391,-0.05414,0.02826,-0.46375
2235,-0.88281,-0.05237,0.02887,-0.46600
2245,-0.88165,-0.05090,0.03058,-0.46826
2255,-0.88049,-0.04980,0.03369,-0.47034
2265,-0.87933,-0.04926,0.03711,-0.47229
2275,-0.87830,-0.04858,0.04059,-0.47400
2285,-0.87738,-0.04773,0.04376,-0.47546
2295,-0.87677,-0.04694,0.04633,-0.47650
2305,-0.87640,-0.04639,0.04785,-0.47705
2315,-0.87634,-0.04620,0.04779,-0.47717
2325,-0.87640,-0.04608,0.04578,-0.47723
2335,-0.87628,-0.04547,0.04266,-0.47778
2345,-0.87592,-0.04443,0.03979,-0.47888
2355,-0.87512,-0.04309,0.03827,-0.48047
2365,-0.87402,-0.04187,0.03833,-0.48267
2375,-0.87256,-0.04095,0.03967,-0.48523
2385,-0.87109,-0.04034,0.04132,-0.48779
2395,-0.86957,-0.03998,0.04218,-0.49042
2405,-0.86804,-0.03937,0.04211,-0.49316
2415,-0.86658,-0.03845,0.04175,-0.49585
2425,-0.86517,-0.03748,0.04187,-0.49841
2435,-0.86377,-0.03662,0.04285,-0.50085
2445,-0.86243,-0.03589,0.04425,-0.50299
2455,-0.86133,-0.03546,0.04535,-0.50482
2465,-0.86035,-0.03522,0.04578,-0.50647
2475,-0.85944,-0.03479,0.04620,-0.50806
2485,-0.85852,-0.03400,0.04718,-0.50958
2495,-0.85773,-0.03284,0.04852,-0.51086
2505,-0.85718,-0.03180,0.04950,-0.51178
2515,-0.85706,-0.03076,0.04895,-0.51202
2525,-0.85760,-0.02924,0.04565,-0.51154
2535,-0.85852,-0.02679,0.03979,-0.51062
2545,-0.85950,-0.02423,0.03308,-0.50958
2555,-0.86011,-0.02252,0.02765,-0.50897
2565,-0.85992,-0.02161,0.02515,-0.50940
2575,-0.85901,-0.02081,0.02509,-0.51093
2585,-0.85760,-0.02002,0.02631,-0.51331
2595,-0.85645,-0.01892,0.02789,-0.51526
2605,-0.85614,-0.01746,0.02875,-0.51575
2615,-0.85632,-0.01624,0.02838,-0.51550
2625,-0.85638,-0.01489,0.02777,-0.51550
2635,-0.85608,-0.01349,0.02740,-0.51599
2645,-0.85559,-0.01202,0.02795,-0.51685
2655,-0.85602,-0.01050,0.02899,-0.51611
2665,-0.85651,-0.00995,0.02960,-0.51526
2675,-0.85657,-0.00916,0.03107,-0.51514
2686,-0.85681,-0.00830,0.03235,-0.51459
2695,-0.85712,-0.00720,0.03271,-0.51416
2706,-0.85736,-0.00543,0.03210,-0.51373
2716,-0.85773,-0.00244,0.03125,-0.51318
2725,-0.85846,0.00159,0.03040,-0.51208
2736,-0.85944,0.00592,0.02966,-0.51038
2746,-0.86066,0.01007,0.02911,-0.50836
2756,-0.86194,0.01343,0.02844,-0.50610
2766,-0.86316,0.01624,0.02734,-0.50397
2776,-0.86420,0.01868,0.02570,-0.50226
2786,-0.86499,0.02112,0.02368,-0.50085
2795,-0.86566,0.02338,0.02118,-0.49976
2805,-0.86621,0.02533,0.01837,-0.49878
2816,-0.86682,0.02661,0.01575,-0.49780
2825,-0.86719,0.02710,0.01373,-0.49713
2835,-0.86731,0.02722,0.01288,-0.49695
2845,-0.86725,0.02759,0.01373,-0.49701
2855,-0.86713,0.02838,0.01569,-0.49713
2865,-0.86700,0.02948,0.01819,-0.49719
2876,-0.86694,0.03064,0.02032,-0.49713
2887,-0.86731,0.03284,0.02069,-0.49628
2895,-0.86798,0.03503,0.01660,-0.49512
2905,-0.86847,0.03607,0.01300,-0.49426
2915,-0.86896,0.03644,0.01105,-0.49353
2926,-0.86938,0.03577,0.01099,-0.49274
2935,-0.86981,0.03448,0.01270,-0.49213
2945,-0.87012,0.03265,0.01526,-0.49164
2955,-0.87024,0.03088,0.01776,-0.49146
2966,-0.87030,0.02972,0.01965,-0.49133
2976,-0.87030,0.02942,0.02063,-0.49133
2986,-0.87036,0.02991,0.02069,-0.49115
2995,-0.87048,0.03064,0.01984,-0.49097
3005,-0.87061,0.03174,0.01831,-0.49072
3016,-0.87079,0.03314,0.01624,-0.49036
3026,-0.87097,0.03436,0.01367,-0.48999
3036,-0.87109,0.03546,0.01141,-0.48981
3045,-0.87122,0.03638,0.00922,-0.48950
3055,-0.87140,0.03717,0.00708,-0.48914
3065,-0.87152,0.03796,0.00555,-0.48895
3075,-0.87158,0.03876,0.00476,-0.48877
3086,-0.87170,0.03906,0.00476,-0.48853
3095,-0.87183,0.03912,0.00494,-0.48834
3105,-0.87195,0.03918,0.00494,-0.48810
3115,-0.87207,0.03931,0.00500,-0.48785
3125,-0.87225,0.03931,0.00543,-0.48755
3135,-0.87256,0.03931,0.00592,-0.48694
3146,-0.87299,0.03912,0.00592,-0.48621
3156,-0.87354,0.03888,0.00598,-0.48523
3166,-0.87415,0.03864,0.00586,-0.48413
3176,-0.87476,0.03821,0.00537,-0.48309
3186,-0.87518,0.03766,0.00427,-0.48236
3196,-0.87543,0.03693,0.00311,-0.48199
3206,-0.87543,0.03650,0.00262,-0.48199
3216,-0.87543,0.03656,0.00269,-0.48206
3226,-0.87549,0.03668,0.00275,-0.48199
3236,-0.87561,0.03668,0.00269,-0.48175
3246,-0.87579,0.03650,0.00269,-0.48138
3256,-0.87604,0.03625,0.00250,-0.48090
3266,-0.87634,0.03589,0.00232,-0.48041
3276,-0.87653,0.03571,0.00232,-0.48010
3286,-0.87665,0.03577,0.00238,-0.47986
3296,-0.87689,0.03583,0.00244,-0.47937
3306,-0.87726,0.03577,0.00232,-0.47876
3316,-0.87762,0.03571,0.00220,-0.47809
3326,-0.87793,0.03564,0.00201,-0.47754
3336,-0.87823,0.03552,0.00183,-0.47693
3347,-0.87848,0.03546,0.00159,-0.47650
3356,-0.87872,0.03534,0.00134,-0.47614
3366,-0.87897,0.03516,0.00098,-0.47565
3377,-0.87933,0.03485,0.00061,-0.47504
3386,-0.87976,0.03455,0.00043,-0.47430
3396,-0.88000,0.03418,-0.00012,-0.47388
3407,-0.88007,0.03400,-0.00037,-0.47369
3416,-0.88019,0.03387,-0.00055,-0.47357
3426,-0.88019,0.03375,-0.00073,-0.47351
3436,-0.88019,0.03363,-0.00085,-0.47351
3447,-0.88019,0.03345,-0.00116,-0.47351
3456,-0.88019,0.03320,-0.00140,-0.47357
3467,-0.88019,0.03296,-0.00165,-0.47363
3477,-0.88013,0.03278,-0.00183,-0.47369
3487,-0.88007,0.03259,-0.00195,-0.47382
3497,-0.87994,0.03247,-0.00201,-0.47400
3507,-0.87988,0.03235,-0.00214,-0.47412
3517,-0.87982,0.03217,-0.00220,-0.47430
3527,-0.87970,0.03210,-0.00226,-0.47455
3537,-0.87952,0.03204,-0.00226,-0.47479
3546,-0.87946,0.03198,-0.00226,-0.47491
3556,-0.87939,0.03198,-0.00220,-0.47510
3567,-0.87933,0.03198,-0.00214,-0.47516
3577,-0.87933,0.03192,-0.00220,-0.47522
3587,-0.87927,0.03192,-0.00226,-0.47528
3597,-0.87927,0.03186,-0.00232,-0.47534
3607,-0.87927,0.03180,-0.00238,-0.47540
3617,-0.87921,0.03180,-0.00238,-0.47540
3627,-0.87921,0.03180,-0.00232,-0.47546
3637,-0.87921,0.03186,-0.00226,-0.47546
3647,-0.87921,0.03186,-0.00220,-0.47552
3657,-0.87915,0.03186,-0.00220,-0.47552
3667,-0.87915,0.03186,-0.00220,-0.47552
3677,-0.87915,0.03180,-0.00226,-0.47552
3687,-0.87915,0.03174,-0.00232,-0.47552
3697,-0.87915,0.03174,-0.00232,-0.47559
3707,-0.87915,0.03174,-0.00226,-0.47565
3717,-0.87909,0.03174,-0.00220,-0.47565
3727,-0.87909,0.03180,-0.00208,-0.47565
3737,-0.87909,0.03186,-0.00201,-0.47571
3747,-0.87909,0.03192,-0.00201,-0.47571
3757,-0.87909,0.03192,-0.00195,-0.47571
3767,-0.87909,0.03192,-0.00195,-0.47571
3777,-0.87909,0.03198,-0.00195,-0.47571
3787,-0.87909,0.03198,-0.00195,-0.47571
3797,-0.87909,0.03198,-0.00189,-0.47571
3806,-0.87909,0.03198,-0.00189,-0.47571
3816,-0.87909,0.03204,-0.00189,-0.47571
3826,-0.87909,0.03198,-0.00183,-0.47571
3836,-0.87909,0.03192,-0.00183,-0.47571
3846,-0.87909,0.03186,-0.00189,-0.47571
3856,-0.87903,0.03174,-0.00195,-0.47577
3866,-0.87903,0.03162,-0.00195,-0.47583
3876,-0.87897,0.03156,-0.00195,-0.47589
3886,-0.87891,0.03156,-0.00189,-0.47601
3896,-0.87891,0.03162,-0.00183,-0.47601
3906,-0.87891,0.03168,-0.00183,-0.47601
3916,-0.87891,0.03174,-0.00177,-0.47601
3926,-0.87891,0.03180,-0.00171,-0.47601
3936,-0.87891,0.03192,-0.00171,-0.47595
3947,-0.87897,0.03198,-0.00177,-0.47589
3956,-0.87897,0.03204,-0.00183,-0.47583
3966,-0.87903,0.03198,-0.00195,-0.47583
3976,-0.87897,0.03192,-0.00208,-0.47583
3986,-0.87897,0.03186,-0.00220,-0.47589
3996,-0.87897,0.03174,-0.00232,-0.47589
4006,-0.87891,0.03156,-0.00238,-0.47601
4016,-0.87878,0.03143,-0.00244,-0.47626
4026,-0.87860,0.03137,-0.00244,-0.47656
4037,-0.87848,0.03131,-0.00244,-0.47687
4047,-0.87830,0.03125,-0.00238,-0.47717
4057,-0.87817,0.03125,-0.00232,-0.47742
4067,-0.87811,0.03131,-0.00226,-0.47748
4077,-0.87811,0.03137,-0.00226,-0.47748
4086,-0.87811,0.03143,-0.00214,-0.47748
4096,-0.87817,0.03162,-0.00201,-0.47742
4107,-0.87823,0.03186,-0.00195,-0.47729
4117,-0.87842,0.03204,-0.00201,-0.47687
4127,-0.87872,0.03210,-0.00220,-0.47632
4137,-0.87903,0.03235,-0.00238,-0.47571
4147,-0.87939,0.03198,-0.00262,-0.47510
4157,-0.87958,0.03174,-0.00293,-0.47479
4167,-0.87970,0.03156,-0.00317,-0.47461
4177,-0.87970,0.03149,-0.00342,-0.47455
4187,-0.87970,0.03156,-0.00354,-0.47449
4197,-0.87970,0.03156,-0.00360,-0.47455
4207,-0.87970,0.03156,-0.00366,-0.47455
4216,-0.87970,0.03149,-0.00372,-0.47461
4226,-0.87970,0.03131,-0.00385,-0.47461
4236,-0.87964,0.03119,-0.00397,-0.47473
4247,-0.87952,0.03107,-0.00403,-0.47491
4257,-0.87946,0.03094,-0.00409,-0.47510
4267,-0.87939,0.03088,-0.00415,-0.47516
4277,-0.87933,0.03082,-0.00421,-0.47522
4287,-0.87933,0.03076,-0.00433,-0.47528
4297,-0.87933,0.03064,-0.00439,-0.47522
4307,-0.87939,0.03027,-0.00452,-0.47522
4317,-0.87939,0.03040,-0.00470,-0.47522
4327,-0.87946,0.03027,-0.00476,-0.47510
4337,-0.87952,0.03015,-0.00494,-0.47498
4347,-0.87964,0.03003,-0.00513,-0.47479
4357,-0.87964,0.02997,-0.00525,-0.47479
4367,-0.87964,0.02985,-0.00531,-0.47479
4377,-0.87958,0.02972,-0.00543,-0.47485
4387,-0.87952,0.02948,-0.00549,-0.47498
4397,-0.87933,0.02930,-0.00549,-0.47540
4407,-0.87903,0.02924,-0.00531,-0.47595
4417,-0.87885,0.02924,-0.00525,-0.47626
4427,-0.87860,0.02930,-0.00519,-0.47668
4437,-0.87842,0.02948,-0.00500,-0.47711
4447,-0.87817,0.02954,-0.00488,-0.47742
4457,-0.87805,0.02972,-0.00470,-0.47772
4467,-0.87799,0.02985,-0.00464,-0.47784
4477,-0.87799,0.02991,-0.00464,-0.47784
4487,-0.87799,0.03003,-0.00452,-0.47784
4497,-0.87793,0.03015,-0.00439,-0.47784
4507,-0.87793,0.03033,-0.00427,-0.47784
4517,-0.87793,0.03040,-0.00421,-0.47784
4527,-0.87793,0.03040,-0.00421,-0.47784
4537,-0.87793,0.03040,-0.00427,-0.47784
4547,-0.87793,0.03033,-0.00433,-0.47784
4557,-0.87793,0.03027,-0.00446,-0.47784
4567,-0.87793,0.03015,-0.00458,-0.47784
4577,-0.87793,0.03009,-0.00470,-0.47784
4587,-0.87793,0.02997,-0.00482,-0.47791
4597,-0.87793,0.02991,-0.00488,-0.47791
4608,-0.87793,0.02991,-0.00488,-0.47791
4618,-0.87787,0.02985,-0.00482,-0.47797
4628,-0.87787,0.02972,-0.00482,-0.47803
4637,-0.87781,0.02966,-0.00476,-0.47815
4647,-0.87775,0.02960,-0.00476,-0.47827
4657,-0.87769,0.02954,-0.00476,-0.47839
4667,-0.87762,0.02948,-0.00476,-0.47845
4677,-0.87762,0.02942,-0.00476,-0.47852
4687,-0.87762,0.02942,-0.00476,-0.47852
4697,-0.87762,0.02936,-0.00476,-0.47852
4707,-0.87762,0.02942,-0.00470,-0.47852
4717,-0.87762,0.02942,-0.00470,-0.47852
4728,-0.87762,0.02942,-0.00470,-0.47852
4737,-0.87762,0.02942,-0.00476,-0.47852
4748,-0.87762,0.02936,-0.00488,-0.47845
4757,-0.87769,0.02936,-0.00507,-0.47839
4767,-0.87775,0.02930,-0.00525,-0.47827
4777,-0.87775,0.02917,-0.00543,-0.47827
4787,-0.87775,0.02911,-0.00562,-0.47827
4797,-0.87775,0.02899,-0.00574,-0.47827
4807,-0.87775,0.02887,-0.00592,-0.47827
4817,-0.87769,0.02881,-0.00604,-0.47839
4827,-0.87762,0.02869,-0.00610,-0.47858
4837,-0.87744,0.02863,-0.00604,-0.47888
4847,-0.87726,0.02838,-0.00604,-0.47925
4857,-0.87695,0.02814,-0.00623,-0.47980
4867,-0.87659,0.02802,-0.00629,-0.48053
4877,-0.87616,0.02808,-0.00616,-0.48126
4887,-0.87579,0.02820,-0.00598,-0.48193
4898,-0.87555,0.02838,-0.00568,-0.48236
4907,-0.87543,0.02844,-0.00549,-0.48254
4918,-0.87543,0.02838,-0.00555,-0.48254
4928,-0.87543,0.02832,-0.00568,-0.48260
4938,-0.87537,0.02826,-0.00598,-0.48267
4948,-0.87531,0.02802,-0.00629,-0.48285
4958,-0.87512,0.02777,-0.00653,-0.48315
4968,-0.87494,0.02728,-0.00641,-0.48352
4978,-0.87488,0.02698,-0.00677,-0.48364
4988,-0.87482,0.02679,-0.00854,-0.48370
4998,-0.87482,0.02625,-0.01105,-0.48370
5008,-0.87476,0.02539,-0.01331,-0.48383
5018,-0.87451,0.02429,-0.01520,-0.48419
5028,-0.87354,0.02362,-0.01648,-0.48596
5038,-0.87207,0.02460,-0.01483,-0.48865
5048,-0.87061,0.02484,-0.01160,-0.49127
5057,-0.86902,0.02509,-0.00726,-0.49414
5067,-0.86749,0.02576,-0.00330,-0.49683
5077,-0.86615,0.02649,-0.00067,-0.49915
5087,-0.86499,0.02716,0.00061,-0.50110
5097,-0.86389,0.02777,0.00067,-0.50299
5107,-0.86292,0.02905,0.00000,-0.50458
5117,-0.86218,0.03082,-0.00122,-0.50574
5127,-0.86169,0.03253,-0.00269,-0.50641
5137,-0.86133,0.03400,-0.00415,-0.50690
5147,-0.86090,0.03534,-0.00525,-0.50757
5157,-0.86035,0.03674,-0.00562,-0.50836
5167,-0.85986,0.03839,-0.00507,-0.50916
5177,-0.85956,0.03967,-0.00366,-0.50952
5187,-0.85956,0.04010,-0.00183,-0.50952
5197,-0.85962,0.03961,0.00006,-0.50952
5207,-0.85950,0.03876,0.00208,-0.50970
5218,-0.85938,0.03802,0.00421,-0.51001
5227,-0.85925,0.03717,0.00677,-0.51019
5237,-0.85919,0.03613,0.00989,-0.51038
5247,-0.85925,0.03546,0.01318,-0.51025
5257,-0.85944,0.03491,0.01605,-0.50989
5267,-0.85968,0.03442,0.01837,-0.50940
5277,-0.86005,0.03387,0.02026,-0.50873
5287,-0.86060,0.03290,0.02161,-0.50781
5297,-0.86139,0.03186,0.02307,-0.50653
5308,-0.86212,0.03088,0.02472,-0.50525
5318,-0.86273,0.02991,0.02673,-0.50415
5328,-0.86316,0.02869,0.02930,-0.50336
5338,-0.86328,0.02704,0.03186,-0.50305
5348,-0.86316,0.02539,0.03412,-0.50323
5358,-0.86273,0.02362,0.03595,-0.50391
5368,-0.86218,0.02179,0.03790,-0.50476
5378,-0.86176,0.02020,0.04047,-0.50537
5387,-0.86139,0.01892,0.04376,-0.50586
5397,-0.86108,0.01813,0.04767,-0.50598
5407,-0.86096,0.01782,0.05200,-0.50574
5417,-0.86121,0.01758,0.05591,-0.50500
5427,-0.86182,0.01703,0.05859,-0.50366
5437,-0.86279,0.01648,0.05933,-0.50183
5447,-0.86414,0.01624,0.05841,-0.49963
5457,-0.86560,0.01562,0.05646,-0.49731
5468,-0.86707,0.01453,0.05463,-0.49512
5478,-0.86835,0.01288,0.05359,-0.49298
5488,-0.86932,0.01117,0.05365,-0.49121
5498,-0.87024,0.00983,0.05487,-0.48956
5508,-0.87115,0.00873,0.05707,-0.48773
5518,-0.87207,0.00763,0.05981,-0.48578
5528,-0.87292,0.00690,0.06281,-0.48383
5538,-0.87378,0.00665,0.06543,-0.48193
5548,-0.87463,0.00702,0.06720,-0.48010
5558,-0.87567,0.00781,0.06775,-0.47815
5568,-0.87683,0.00873,0.06702,-0.47607
5578,-0.87817,0.00970,0.06537,-0.47388
5588,-0.87958,0.01044,0.06335,-0.47156
5598,-0.88092,0.01062,0.06122,-0.46930
5608,-0.88202,0.01031,0.05933,-0.46741
5618,-0.88281,0.00989,0.05792,-0.46613
5628,-0.88336,0.00983,0.05695,-0.46521
5638,-0.88379,0.01001,0.05597,-0.46454
5648,-0.88409,0.01013,0.05493,-0.46399
5658,-0.88440,0.01031,0.05414,-0.46356
5669,-0.88458,0.01044,0.05359,-0.46326
5678,-0.88470,0.01062,0.05334,-0.46307
5688,-0.88458,0.01093,0.05328,-0.46326
5698,-0.88428,0.01129,0.05316,-0.46381
5708,-0.88397,0.01160,0.05286,-0.46448
5718,-0.88367,0.01202,0.05194,-0.46515
5728,-0.88336,0.01257,0.05048,-0.46582
5738,-0.88312,0.01312,0.04865,-0.46655
5748,-0.88275,0.01367,0.04669,-0.46741
5758,-0.88226,0.01447,0.04486,-0.46844
5768,-0.88165,0.01575,0.04309,-0.46973
5778,-0.88104,0.01758,0.04114,-0.47101
5788,-0.88068,0.01917,0.03857,-0.47180
5798,-0.88062,0.02014,0.03516,-0.47217
5808,-0.88062,0.02087,0.03125,-0.47241
5818,-0.88049,0.02130,0.02771,-0.47290
5828,-0.87988,0.02155,0.02533,-0.47412
5838,-0.87897,0.02185,0.02435,-0.47583
5848,-0.87811,0.02271,0.02423,-0.47742
5858,-0.87762,0.02374,0.02405,-0.47821
5868,-0.87781,0.02484,0.02307,-0.47791
5878,-0.87823,0.02563,0.02148,-0.47717
5888,-0.87848,0.02649,0.02045,-0.47668
5898,-0.87878,0.02728,0.02051,-0.47614
5908,-0.87897,0.02759,0.02124,-0.47565
5919,-0.87921,0.02777,0.02197,-0.47522
5929,-0.87946,0.02765,0.02173,-0.47479
5939,-0.87970,0.02734,0.02069,-0.47437
5949,-0.87994,0.02679,0.01959,-0.47400
5959,-0.88000,0.02618,0.01923,-0.47394
5969,-0.87988,0.02588,0.02002,-0.47412
5979,-0.87982,0.02570,0.02142,-0.47418
5989,-0.87976,0.02563,0.02240,-0.47424
5999,-0.87976,0.02612,0.02234,-0.47424
6009,-0.87988,0.02716,0.02100,-0.47400
6019,-0.88025,0.02863,0.01886,-0.47339
6028,-0.88086,0.02997,0.01636,-0.47223
6038,-0.88165,0.03113,0.01367,-0.47083
6048,-0.88245,0.03180,0.01111,-0.46930
6058,-0.88306,0.03223,0.00873,-0.46814
6068,-0.88336,0.03271,0.00696,-0.46753
6078,-0.88348,0.03351,0.00610,-0.46735
6088,-0.88342,0.03412,0.00635,-0.46735
6098,-0.88324,0.03430,0.00757,-0.46765
6108,-0.88293,0.03467,0.00952,-0.46826
6118,-0.88239,0.03564,0.01196,-0.46912
6128,-0.88165,0.03735,0.01434,-0.47021
6138,-0.88092,0.03955,0.01630,-0.47144
6148,-0.88013,0.04193,0.01758,-0.47272
6158,-0.87933,0.04413,0.01825,-0.47382
6168,-0.87866,0.04602,0.01825,-0.47498
6178,-0.87793,0.04749,0.01801,-0.47614
6188,-0.87726,0.04871,0.01758,-0.47736
6198,-0.87653,0.04980,0.01678,-0.47852
6208,-0.87592,0.05060,0.01587,-0.47961
6218,-0.87543,0.05115,0.01434,-0.48053
6228,-0.87488,0.05237,0.01117,-0.48145
6239,-0.87421,0.05292,0.00970,-0.48260
6249,-0.87360,0.05261,0.01031,-0.48370
6258,-0.87323,0.05206,0.01172,-0.48450
6269,-0.87292,0.05170,0.01263,-0.48511
6279,-0.87268,0.05182,0.01251,-0.48547
6289,-0.87250,0.05219,0.01147,-0.48572
6299,-0.87238,0.05286,0.01019,-0.48596
6309,-0.87219,0.05371,0.00922,-0.48627
6319,-0.87195,0.05438,0.00897,-0.48651
6329,-0.87177,0.05463,0.00909,-0.48688
6339,-0.87158,0.05493,0.00916,-0.48718
6349,-0.87140,0.05511,0.00903,-0.48749
6359,-0.87128,0.05524,0.00928,-0.48767
6369,-0.87115,0.05554,0.00958,-0.48792
6379,-0.87109,0.05579,0.00989,-0.48792
6389,-0.87115,0.05591,0.01001,-0.48779
6399,-0.87134,0.05573,0.00989,-0.48749
6409,-0.87152,0.05542,0.00952,-0.48724
6419,-0.87170,0.05505,0.00940,-0.48694
6429,-0.87189,0.05469,0.00909,-0.48669
6439,-0.87201,0.05426,0.00873,-0.48651
6449,-0.87207,0.05371,0.00842,-0.48639
6459,-0.87219,0.05334,0.00824,-0.48627
6469,-0.87225,0.05292,0.00818,-0.48621
6479,-0.87238,0.05243,0.00793,-0.48602
6489,-0.87262,0.05182,0.00745,-0.48566
6499,-0.87286,0.05151,0.00732,-0.48523
6509,-0.87323,0.05139,0.00739,-0.48462
6519,-0.87360,0.05127,0.00732,-0.48401
6529,-0.87390,0.05109,0.00726,-0.48340
6539,-0.87421,0.05084,0.00714,-0.48285
6549,-0.87445,0.05048,0.00684,-0.48254
6559,-0.87463,0.05035,0.00684,-0.48218
6568,-0.87482,0.05029,0.00677,-0.48187
6579,-0.87494,0.05029,0.00665,-0.48169
6589,-0.87500,0.05042,0.00659,-0.48151
6598,-0.87512,0.05066,0.00665,-0.48120
6608,-0.87531,0.05072,0.00665,-0.48090
6618,-0.87555,0.05054,0.00659,-0.48047
6628,-0.87579,0.05029,0.00647,-0.48010
6638,-0.87598,0.05005,0.00635,-0.47974
6648,-0.87622,0.04987,0.00616,-0.47937
6658,-0.87653,0.04956,0.00592,-0.47882
6669,-0.87695,0.04901,0.00562,-0.47809
6679,-0.87744,0.04846,0.00513,-0.47729
6689,-0.87781,0.04797,0.00458,-0.47668
6699,-0.87811,0.04749,0.00403,-0.47620
6709,-0.87836,0.04712,0.00354,-0.47577
6719,-0.87860,0.04675,0.00323,-0.47534
6729,-0.87885,0.04645,0.00299,-0.47491
6739,-0.87903,0.04614,0.00275,-0.47455
6749,-0.87921,0.04584,0.00256,-0.47430
6759,-0.87927,0.04559,0.00244,-0.47418
6769,-0.87933,0.04535,0.00232,-0.47412
6779,-0.87933,0.04510,0.00220,-0.47412
6789,-0.87933,0.04492,0.00214,-0.47418
6799,-0.87933,0.04474,0.00208,-0.47418
6809,-0.87927,0.04462,0.00195,-0.47424
6819,-0.87921,0.04456,0.00195,-0.47443
6829,-0.87909,0.04456,0.00201,-0.47467
6839,-0.87897,0.04456,0.00208,-0.47485
6849,-0.87885,0.04443,0.00208,-0.47510
6859,-0.87878,0.04443,0.00208,-0.47522
6869,-0.87872,0.04437,0.00195,-0.47528
6879,-0.87872,0.04425,0.00183,-0.47534
6889,-0.87872,0.04407,0.00165,-0.47534
6899,-0.87878,0.04395,0.00146,-0.47528
6909,-0.87885,0.04376,0.00122,-0.47522
6919,-0.87891,0.04358,0.00098,-0.47504
6929,-0.87903,0.04340,0.00073,-0.47491
6939,-0.87909,0.04327,0.00049,-0.47473
6949,-0.87921,0.04309,0.00031,-0.47455
6959,-0.87933,0.04285,0.00006,-0.47437
6969,-0.87946,0.04260,-0.00012,-0.47418
6979,-0.87952,0.04236,-0.00024,-0.47406
6989,-0.87958,0.04211,-0.00037,-0.47400
6999,-0.87958,0.04193,-0.00049,-0.47394
7009,-0.87964,0.04175,-0.00055,-0.47394
7019,-0.87964,0.04169,-0.00067,-0.47388
7029,-0.87976,0.04144,-0.00079,-0.47369
7039,-0.87988,0.04114,-0.00104,-0.47345
7049,-0.88000,0.04077,-0.00134,-0.47327
7059,-0.88013,0.04041,-0.00159,-0.47308
7069,-0.88025,0.04016,-0.00183,-0.47296
7080,-0.88025,0.03986,-0.00201,-0.47290
7090,-0.88025,0.03955,-0.00220,-0.47290
7100,-0.88031,0.03912,-0.00250,-0.47290
7109,-0.88031,0.03864,-0.00287,-0.47290
7119,-0.88031,0.03809,-0.00330,-0.47290
7129,-0.88031,0.03748,-0.00372,-0.47296
7139,-0.88031,0.03711,-0.00391,-0.47296
7149,-0.88037,0.03693,-0.00403,-0.47296
7159,-0.88037,0.03668,-0.00415,-0.47296
7169,-0.88037,0.03644,-0.00427,-0.47296
7179,-0.88037,0.03625,-0.00439,-0.47296
7189,-0.88037,0.03607,-0.00446,-0.47296
7199,-0.88037,0.03589,-0.00458,-0.47296
7209,-0.88037,0.03571,-0.00470,-0.47302
7219,-0.88037,0.03540,-0.00482,-0.47308
7229,-0.88031,0.03510,-0.00488,-0.47321
7239,-0.88025,0.03467,-0.00507,-0.47333
7249,-0.88013,0.03351,-0.00580,-0.47357
7259,-0.88007,0.03326,-0.00592,-0.47369
7269,-0.88007,0.03308,-0.00598,-0.47382
7279,-0.88000,0.03290,-0.00604,-0.47382
7289,-0.88000,0.03271,-0.00616,-0.47388
7299,-0.88000,0.03247,-0.00629,-0.47388
7309,-0.88000,0.03210,-0.00659,-0.47388
7319,-0.88007,0.03180,-0.00684,-0.47388
7329,-0.88007,0.03149,-0.00714,-0.47382
7339,-0.88019,0.03125,-0.00739,-0.47369
7349,-0.88025,0.03101,-0.00757,-0.47351
7359,-0.88037,0.03076,-0.00775,-0.47327
7369,-0.88049,0.03052,-0.00793,-0.47308
7379,-0.88055,0.03033,-0.00812,-0.47296
7389,-0.88068,0.03009,-0.00836,-0.47272
7399,-0.88080,0.02985,-0.00867,-0.47253
7409,-0.88098,0.02954,-0.00897,-0.47217
7419,-0.88123,0.02911,-0.00940,-0.47174
7429,-0.88147,0.02863,-0.00977,-0.47131
7439,-0.88171,0.02814,-0.01013,-0.47095
7449,-0.88184,0.02783,-0.01031,-0.47064
7459,-0.88196,0.02753,-0.01044,-0.47046
7469,-0.88208,0.02728,-0.01056,-0.47028
7479,-0.88214,0.02716,-0.01062,-0.47015
7489,-0.88220,0.02698,-0.01068,-0.47003
7499,-0.88232,0.02686,-0.01080,-0.46991
7509,-0.88232,0.02667,-0.01093,-0.46979
7519,-0.88239,0.02655,-0.01099,-0.46973
7529,-0.88239,0.02643,-0.01105,-0.46973
7539,-0.88239,0.02637,-0.01111,-0.46973
7549,-0.88239,0.02625,-0.01117,-0.46973
7559,-0.88239,0.02600,-0.01129,-0.46973
7569,-0.88239,0.02582,-0.01135,-0.46979
7579,-0.88239,0.02563,-0.01147,-0.46979
7589,-0.88239,0.02539,-0.01160,-0.46979
7600,-0.88239,0.02509,-0.01184,-0.46979
7610,-0.88239,0.02478,-0.01208,-0.46979
7620,-0.88239,0.02472,-0.01221,-0.46979
7630,-0.88239,0.02460,-0.01233,-0.46979
7640,-0.88239,0.02454,-0.01245,-0.46979
7650,-0.88239,0.02441,-0.01257,-0.46979
7660,-0.88239,0.02435,-0.01263,-0.46979
7670,-0.88239,0.02429,-0.01270,-0.46979
7679,-0.88239,0.02423,-0.01276,-0.46979
7689,-0.88239,0.02423,-0.01276,-0.46979
7699,-0.88239,0.02423,-0.01276,-0.46985
7709,-0.88239,0.02423,-0.01270,-0.46985
7720,-0.88239,0.02423,-0.01270,-0.46985
7730,-0.88239,0.02417,-0.01270,-0.46985
7740,-0.88239,0.02417,-0.01263,-0.46985
7750,-0.88239,0.02411,-0.01270,-0.46985
7760,-0.88239,0.02405,-0.01270,-0.46979
7770,-0.88239,0.02405,-0.01270,-0.46979
7780,-0.88239,0.02399,-0.01270,-0.46979
7789,-0.88239,0.02405,-0.01270,-0.46979
7800,-0.88239,0.02405,-0.01270,-0.46979
7810,-0.88245,0.02405,-0.01270,-0.46979
7819,-0.88245,0.02405,-0.01270,-0.46973
7829,-0.88245,0.02399,-0.01270,-0.46973
7840,-0.88245,0.02393,-0.01270,-0.46973
7850,-0.88245,0.02386,-0.01270,-0.46973
7860,-0.88245,0.02386,-0.01270,-0.46973
7870,-0.88245,0.02386,-0.01270,-0.46979
7881,-0.88239,0.02386,-0.01263,-0.46979
7892,-0.88239,0.02380,-0.01263,-0.46979
7902,-0.88239,0.02374,-0.01257,-0.46985
7912,-0.88239,0.02368,-0.01257,-0.46985
7922,-0.88239,0.02368,-0.01257,-0.46985
7933,-0.88239,0.02362,-0.01257,-0.46991
7943,-0.88239,0.02362,-0.01257,-0.46991
7953,-0.88239,0.02362,-0.01257,-0.46991
7963,-0.88239,0.02356,-0.01257,-0.46991
7973,-0.88239,0.02356,-0.01257,-0.46991
7982,-0.88232,0.02356,-0.01251,-0.46991
7991,-0.88232,0.02362,-0.01251,-0.46991
8000,-0.88232,0.02362,-0.01251,-0.46997
8010,-0.88232,0.02362,-0.01245,-0.46997
8019,-0.88226,0.02362,-0.01245,-0.47003
8030,-0.88226,0.02368,-0.01239,-0.47015
8040,-0.88220,0.02362,-0.01233,-0.47028
8050,-0.88214,0.02362,-0.01227,-0.47034
8060,-0.88202,0.02368,-0.01215,-0.47052
8070,-0.88196,0.02368,-0.01202,-0.47058
8080,-0.88190,0.02374,-0.01190,-0.47070
8090,-0.88184,0.02386,-0.01172,-0.47095
8100,-0.88171,0.02405,-0.01154,-0.47113
8110,-0.88153,0.02423,-0.01135,-0.47144
8120,-0.88141,0.02435,-0.01117,-0.47168
8130,-0.88129,0.02441,-0.01105,-0.47186
8140,-0.88123,0.02441,-0.01099,-0.47198
8150,-0.88110,0.02441,-0.01093,-0.47223
8160,-0.88104,0.02448,-0.01086,-0.47241
8170,-0.88086,0.02454,-0.01074,-0.47266
8180,-0.88068,0.02460,-0.01062,-0.47302
8190,-0.88055,0.02484,-0.01056,-0.47327
8200,-0.88031,0.02454,-0.01068,-0.47375
8210,-0.88019,0.02448,-0.01068,-0.47400
8220,-0.88007,0.02460,-0.01056,-0.47418
8230,-0.88000,0.02460,-0.01050,-0.47424
8240,-0.88000,0.02454,-0.01050,-0.47430
8250,-0.87994,0.02448,-0.01044,-0.47443
8260,-0.87994,0.02460,-0.01038,-0.47443
8270,-0.87988,0.02472,-0.01031,-0.47455
8280,-0.87982,0.02484,-0.01019,-0.47467
8290,-0.87976,0.02484,-0.01019,-0.47473
8300,-0.87976,0.02466,-0.01013,-0.47479
8310,-0.87976,0.02460,-0.01019,-0.47479
8320,-0.87976,0.02454,-0.01025,-0.47479
8330,-0.87976,0.02454,-0.01025,-0.47479
8340,-0.87976,0.02448,-0.01025,-0.47479
8350,-0.87964,0.02454,-0.01019,-0.47498
8360,-0.87946,0.02448,-0.01019,-0.47540
8370,-0.87933,0.02472,-0.00983,-0.47559
8380,-0.87927,0.02478,-0.00928,-0.47571
8390,-0.87927,0.02502,-0.00897,-0.47565
8400,-0.87946,0.02448,-0.00995,-0.47528
8410,-0.87964,0.02258,-0.01172,-0.47504
8420,-0.87976,0.02051,-0.01343,-0.47485
8430,-0.87970,0.01855,-0.01575,-0.47498
8440,-0.87958,0.01770,-0.01880,-0.47516
8450,-0.87921,0.01825,-0.02246,-0.47559
8460,-0.87866,0.01923,-0.02563,-0.47644
8470,-0.87787,0.01978,-0.02673,-0.47791
8480,-0.87695,0.01935,-0.02496,-0.47955
8490,-0.87622,0.01782,-0.02112,-0.48120
8500,-0.87549,0.01611,-0.01654,-0.48273
8510,-0.87482,0.01483,-0.01245,-0.48413
8520,-0.87439,0.01379,-0.00922,-0.48505
8530,-0.87433,0.01276,-0.00677,-0.48523
8540,-0.87482,0.01147,-0.00555,-0.48431
8550,-0.87573,0.01044,-0.00604,-0.48273
8560,-0.87683,0.00977,-0.00842,-0.48065
8570,-0.87793,0.00934,-0.01208,-0.47864
8580,-0.87878,0.00909,-0.01514,-0.47699
8590,-0.87921,0.00897,-0.01562,-0.47626
8600,-0.87909,0.00916,-0.01233,-0.47650
8610,-0.87854,0.00995,-0.00555,-0.47760
8620,-0.87781,0.01141,0.00281,-0.47900
8630,-0.87720,0.01379,0.01044,-0.47992
8640,-0.87720,0.01624,0.01538,-0.47974
8650,-0.87787,0.01807,0.01672,-0.47839
8660,-0.87915,0.01947,0.01489,-0.47601
8670,-0.88086,0.02026,0.01135,-0.47290
8680,-0.88257,0.02032,0.00800,-0.46973
8690,-0.88373,0.02014,0.00702,-0.46759
8700,-0.88397,0.01996,0.00983,-0.46710
8710,-0.88324,0.02063,0.01660,-0.46832
8720,-0.88184,0.02264,0.02521,-0.47046
8730,-0.88031,0.02600,0.03296,-0.47266
8740,-0.87933,0.02997,0.03839,-0.47382
8750,-0.87927,0.03363,0.04053,-0.47351
8760,-0.88013,0.03662,0.03955,-0.47180
8770,-0.88135,0.03888,0.03680,-0.46954
8780,-0.88245,0.04059,0.03369,-0.46747
8790,-0.88330,0.04175,0.03119,-0.46600
8800,-0.88367,0.04205,0.03052,-0.46527
8810,-0.88361,0.04205,0.03223,-0.46533
8820,-0.88336,0.04285,0.03510,-0.46552
8830,-0.88300,0.04517,0.03760,-0.46576
8840,-0.88281,0.04858,0.03979,-0.46558
8850,-0.88287,0.05182,0.04150,-0.46497
8860,-0.88312,0.05444,0.04230,-0.46417
8870,-0.88348,0.05640,0.04218,-0.46320
8880,-0.88385,0.05707,0.04156,-0.46252
8891,-0.88391,0.05646,0.04114,-0.46246
8900,-0.88373,0.05579,0.04114,-0.46295
8910,-0.88306,0.05609,0.04260,-0.46405
8921,-0.88177,0.05817,0.04681,-0.46588
8931,-0.87988,0.06177,0.05383,-0.46808
8941,-0.87805,0.06586,0.06256,-0.46997
8951,-0.87653,0.06915,0.07031,-0.47119
8961,-0.87561,0.07159,0.07501,-0.47186
8971,-0.87512,0.07312,0.07635,-0.47229
8981,-0.87482,0.07324,0.07605,-0.47296
8991,-0.87433,0.07269,0.07617,-0.47382
9001,-0.87408,0.07269,0.07697,-0.47412
9011,-0.87421,0.07324,0.07776,-0.47369
9021,-0.87482,0.07373,0.07782,-0.47253
9031,-0.87561,0.07410,0.07648,-0.47119
9040,-0.87628,0.07483,0.07391,-0.47028
9050,-0.87659,0.07642,0.07111,-0.46991
9060,-0.87640,0.07788,0.06909,-0.47028
9070,-0.87604,0.07861,0.06854,-0.47083
9080,-0.87604,0.07843,0.06854,-0.47095
9090,-0.87634,0.07758,0.06769,-0.47064
9100,-0.87683,0.07709,0.06525,-0.47021
9110,-0.87738,0.07751,0.06177,-0.46954
9120,-0.87811,0.07825,0.05823,-0.46851
9130,-0.87860,0.07880,0.05542,-0.46777
9140,-0.87878,0.07874,0.05377,-0.46771
9150,-0.87866,0.07812,0.05292,-0.46808
9161,-0.87878,0.07697,0.05212,-0.46808
9170,-0.87939,0.07477,0.05017,-0.46765
9180,-0.88025,0.07202,0.04669,-0.46680
9190,-0.88104,0.06885,0.04211,-0.46613
9200,-0.88147,0.06635,0.03778,-0.46613
9210,-0.88135,0.06464,0.03491,-0.46674
9220,-0.88080,0.06366,0.03357,-0.46814
9230,-0.87976,0.06342,0.03333,-0.47003
9241,-0.87872,0.06348,0.03320,-0.47198
9251,-0.87793,0.06287,0.03253,-0.47363
9261,-0.87744,0.06122,0.03076,-0.47485
9271,-0.87738,0.05835,0.02734,-0.47552
9281,-0.87805,0.05389,0.02179,-0.47516
9291,-0.87866,0.04907,0.01538,-0.47473
9301,-0.87878,0.04541,0.01038,-0.47498
9311,-0.87854,0.04224,0.00714,-0.47583
9321,-0.87793,0.03918,0.00500,-0.47723
9331,-0.87726,0.03619,0.00336,-0.47876
9341,-0.87677,0.03333,0.00238,-0.47980
9351,-0.87677,0.03082,0.00226,-0.47998
9361,-0.87720,0.02875,0.00256,-0.47937
9371,-0.87781,0.02686,0.00269,-0.47839
9381,-0.87830,0.02557,0.00208,-0.47754
9391,-0.87854,0.02484,0.00079,-0.47711
9401,-0.87854,0.02435,-0.00092,-0.47717
9411,-0.87823,0.02380,-0.00256,-0.47766
9421,-0.87787,0.02344,-0.00378,-0.47839
9431,-0.87756,0.02344,-0.00464,-0.47894
9441,-0.87750,0.02356,-0.00555,-0.47906
9451,-0.87762,0.02380,-0.00647,-0.47876
9461,-0.87811,0.02441,-0.00665,-0.47791
9471,-0.87878,0.02472,-0.00629,-0.47662
9481,-0.87964,0.02429,-0.00568,-0.47504
9490,-0.88043,0.02283,-0.00537,-0.47363
9500,-0.88110,0.02106,-0.00525,-0.47247
9510,-0.88184,0.01953,-0.00562,-0.47125
9519,-0.88251,0.01837,-0.00635,-0.47003
9530,-0.88318,0.01758,-0.00800,-0.46869
9540,-0.88391,0.01721,-0.01129,-0.46729
9550,-0.88446,0.01685,-0.01465,-0.46619
9560,-0.88483,0.01636,-0.01636,-0.46552
9570,-0.88495,0.01556,-0.01672,-0.46521
9580,-0.88495,0.01453,-0.01605,-0.46533
9591,-0.88483,0.01361,-0.01489,-0.46558
9601,-0.88477,0.01312,-0.01392,-0.46570
9615,-0.88495,0.01306,-0.01349,-0.46545
9624,-0.88525,0.01331,-0.01379,-0.46484
9633,-0.88556,0.01367,-0.01440,-0.46417
9642,-0.88593,0.01416,-0.01501,-0.46344
9651,-0.88623,0.01447,-0.01562,-0.46283
9661,-0.88660,0.01465,-0.01642,-0.46210
9671,-0.88708,0.01440,-0.01770,-0.46112
9681,-0.88757,0.01385,-0.01947,-0.46014
9691,-0.88794,0.01245,-0.02051,-0.45947
9701,-0.88812,0.01166,-0.02039,-0.45911
9711,-0.88812,0.01166,-0.02008,-0.45917
9721,-0.88800,0.01208,-0.01947,-0.45941
9731,-0.88782,0.01257,-0.01874,-0.45978
9741,-0.88763,0.01294,-0.01794,-0.46008
9751,-0.88757,0.01306,-0.01740,-0.46027
9761,-0.88751,0.01300,-0.01709,-0.46039
9771,-0.88751,0.01282,-0.01691,-0.46039
9781,-0.88751,0.01257,-0.01678,-0.46033
9792,-0.88757,0.01257,-0.01654,-0.46027
9801,-0.88763,0.01257,-0.01630,-0.46014
9811,-0.88770,0.01276,-0.01605,-0.46002
9821,-0.88770,0.01300,-0.01593,-0.46008
9832,-0.88739,0.01349,-0.01562,-0.46057
9841,-0.88727,0.01416,-0.01520,-0.46088
9853,-0.88715,0.01465,-0.01465,-0.46112
9862,-0.88708,0.01495,-0.01434,-0.46124
9871,-0.88702,0.01526,-0.01392,-0.46130
9881,-0.88702,0.01556,-0.01355,-0.46130
9891,-0.88708,0.01599,-0.01294,-0.46130
9901,-0.88721,0.01624,-0.01245,-0.46106
9911,-0.88739,0.01630,-0.01221,-0.46069
9921,-0.88763,0.01617,-0.01215,-0.46021
9931,-0.88782,0.01599,-0.01239,-0.45984
9941,-0.88788,0.01605,-0.01239,-0.45972
9951,-0.88794,0.01617,-0.01245,-0.45953
9961,-0.88800,0.01636,-0.01227,-0.45947
9971,-0.88800,0.01666,-0.01221,-0.45947
9981,-0.88794,0.01715,-0.01184,-0.45959
9991,-0.88788,0.01782,-0.01141,-0.45966
10001,-0.88794,0.01831,-0.01111,-0.45953
10011,-0.88812,0.01855,-0.01086,-0.45923
10021,-0.88837,0.01855,-0.01086,-0.45874
10031,-0.88861,0.01849,-0.01074,-0.45819
10041,-0.88904,0.01813,-0.01080,-0.45746
10051,-0.88940,0.01746,-0.01117,-0.45679
10061,-0.88953,0.01715,-0.01129,-0.45648
10071,-0.88965,0.01721,-0.01111,-0.45630
10081,-0.88977,0.01740,-0.01080,-0.45605
10091,-0.88989,0.01740,-0.01062,-0.45581
10101,-0.88989,0.01740,-0.01044,-0.45575
10111,-0.88995,0.01746,-0.01013,-0.45563
10121,-0.89014,0.01709,-0.01001,-0.45532
10131,-0.89038,0.01636,-0.01007,-0.45483
10141,-0.89062,0.01556,-0.01025,-0.45447
10151,-0.89069,0.01508,-0.01019,-0.45435
10161,-0.89069,0.01501,-0.00989,-0.45428
10171,-0.89069,0.01520,-0.00958,-0.45435
10181,-0.89069,0.01544,-0.00928,-0.45435
10192,-0.89062,0.01575,-0.00903,-0.45447
10201,-0.89056,0.01599,-0.00885,-0.45459
10211,-0.89050,0.01605,-0.00873,-0.45471
10222,-0.89044,0.01599,-0.00867,-0.45483
10232,-0.89038,0.01575,-0.00861,-0.45496
10242,-0.89026,0.01538,-0.00854,-0.45520
10252,-0.89014,0.01514,-0.00830,-0.45538
10262,-0.89008,0.01489,-0.00800,-0.45557
10272,-0.89008,0.01471,-0.00769,-0.45563
10282,-0.89008,0.01465,-0.00739,-0.45563
10292,-0.89008,0.01465,-0.00714,-0.45557
10302,-0.89014,0.01453,-0.00696,-0.45557
10312,-0.89014,0.01422,-0.00690,-0.45551
10322,-0.89014,0.01385,-0.00677,-0.45544
10332,-0.89014,0.01361,-0.00659,-0.45551
10342,-0.89014,0.01349,-0.00635,-0.45551
10352,-0.89020,0.01355,-0.00604,-0.45544
10362,-0.89020,0.01367,-0.00580,-0.45544
10372,-0.89026,0.01379,-0.00549,-0.45532
10382,-0.89026,0.01398,-0.00525,-0.45526
10391,-0.89032,0.01410,-0.00500,-0.45520
10402,-0.89032,0.01416,-0.00476,-0.45514
10411,-0.89032,0.01410,-0.00458,-0.45514
10421,-0.89032,0.01392,-0.00446,-0.45520
10432,-0.89032,0.01361,-0.00433,-0.45526
10442,-0.89026,0.01318,-0.00421,-0.45532
10451,-0.89026,0.01276,-0.00409,-0.45538
10462,-0.89026,0.01233,-0.00397,-0.45538
10472,-0.89020,0.01208,-0.00385,-0.45544
10482,-0.89020,0.01202,-0.00360,-0.45551
10492,-0.89020,0.01202,-0.00336,-0.45551
10502,-0.89020,0.01202,-0.00317,-0.45557
10512,-0.89020,0.01196,-0.00311,-0.45557
10522,-0.89014,0.01172,-0.00305,-0.45557
10532,-0.89014,0.01160,-0.00293,-0.45563
10542,-0.89014,0.01154,-0.00281,-0.45563
10552,-0.89014,0.01147,-0.00269,-0.45563
10562,-0.89014,0.01147,-0.00256,-0.45563
10572,-0.89014,0.01141,-0.00244,-0.45563
10581,-0.89014,0.01135,-0.00238,-0.45563
10591,-0.89014,0.01135,-0.00226,-0.45563
10601,-0.89014,0.01147,-0.00214,-0.45563
10611,-0.89014,0.01147,-0.00208,-0.45563
10621,-0.89014,0.01147,-0.00201,-0.45563
10631,-0.89014,0.01147,-0.00195,-0.45563
10641,-0.89020,0.01135,-0.00189,-0.45557
10651,-0.89020,0.01123,-0.00183,-0.45557
10661,-0.89020,0.01111,-0.00177,-0.45551
10671,-0.89026,0.01111,-0.00171,-0.45544
10682,-0.89026,0.01123,-0.00159,-0.45538
10692,-0.89026,0.01135,-0.00140,-0.45538
10702,-0.89032,0.01141,-0.00134,-0.45532
10712,-0.89032,0.01135,-0.00134,-0.45520
10722,-0.89038,0.01135,-0.00128,-0.45514
10732,-0.89038,0.01135,-0.00122,-0.45514
10742,-0.89044,0.01135,-0.00116,-0.45508
10752,-0.89044,0.01129,-0.00110,-0.45502
10762,-0.89044,0.01117,-0.00110,-0.45502
10772,-0.89050,0.01111,-0.00104,-0.45502
10782,-0.89050,0.01111,-0.00098,-0.45496
10792,-0.89050,0.01117,-0.00092,-0.45496
10802,-0.89050,0.01123,-0.00079,-0.45496
10812,-0.89050,0.01123,-0.00073,-0.45490
10822,-0.89050,0.01123,-0.00067,-0.45490
10832,-0.89056,0.01123,-0.00061,-0.45483
10842,-0.89056,0.01105,-0.00061,-0.45477
10852,-0.89056,0.01086,-0.00067,-0.45477
10862,-0.89062,0.01074,-0.00061,-0.45471
10872,-0.89062,0.01068,-0.00061,-0.45471
10882,-0.89062,0.01056,-0.00055,-0.45477
10892,-0.89062,0.01044,-0.00055,-0.45477
10902,-0.89062,0.01019,-0.00061,-0.45477
10912,-0.89062,0.00989,-0.00067,-0.45477
10922,-0.89062,0.00958,-0.00073,-0.45477
10932,-0.89062,0.00934,-0.00073,-0.45471
10942,-0.89062,0.00916,-0.00073,-0.45471
10952,-0.89062,0.00903,-0.00067,-0.45471
10962,-0.89069,0.00891,-0.00067,-0.45465
10971,-0.89069,0.00873,-0.00061,-0.45465
10981,-0.89062,0.00867,-0.00055,-0.45471
10992,-0.89069,0.00854,-0.00061,-0.45471
11002,-0.89069,0.00842,-0.00073,-0.45471
11012,-0.89069,0.00824,-0.00079,-0.45471
11021,-0.89069,0.00800,-0.00092,-0.45465
11031,-0.89069,0.00787,-0.00098,-0.45465
11041,-0.89069,0.00775,-0.00104,-0.45465
11052,-0.89069,0.00769,-0.00104,-0.45471
11061,-0.89069,0.00763,-0.00104,-0.45471
11072,-0.89062,0.00751,-0.00110,-0.45471
11082,-0.89062,0.00732,-0.00122,-0.45471
11093,-0.89062,0.00714,-0.00134,-0.45477
11102,-0.89062,0.00690,-0.00140,-0.45477
11112,-0.89062,0.00665,-0.00153,-0.45483
11122,-0.89056,0.00635,-0.00171,-0.45483
11132,-0.89056,0.00598,-0.00189,-0.45490
11142,-0.89056,0.00562,-0.00201,-0.45490
11152,-0.89062,0.00543,-0.00220,-0.45483
11162,-0.89062,0.00531,-0.00220,-0.45483
11172,-0.89062,0.00531,-0.00226,-0.45477
11182,-0.89069,0.00531,-0.00226,-0.45471
11192,-0.89069,0.00525,-0.00226,-0.45465
11202,-0.89069,0.00507,-0.00232,-0.45465
11212,-0.89075,0.00488,-0.00244,-0.45459
11222,-0.89075,0.00470,-0.00250,-0.45459
11232,-0.89075,0.00470,-0.00250,-0.45459
11242,-0.89075,0.00476,-0.00250,-0.45459
11252,-0.89075,0.00488,-0.00244,-0.45459
11262,-0.89075,0.00488,-0.00244,-0.45453
11272,-0.89075,0.00488,-0.00250,-0.45453
11282,-0.89081,0.00494,-0.00244,-0.45447
11293,-0.89081,0.00500,-0.00244,-0.45441
11304,-0.89087,0.00507,-0.00238,-0.45435
11314,-0.89087,0.00513,-0.00238,-0.45435
11324,-0.89087,0.00507,-0.00238,-0.45428
11335,-0.89093,0.00507,-0.00232,-0.45422
11345,-0.89093,0.00519,-0.00226,-0.45416
11355,-0.89099,0.00543,-0.00214,-0.45410
11366,-0.89099,0.00574,-0.00201,-0.45404
11377,-0.89105,0.00592,-0.00189,-0.45398
11387,-0.89105,0.00586,-0.00189,-0.45392
11397,-0.89111,0.00562,-0.00201,-0.45386
11406,-0.89111,0.00531,-0.00214,-0.45380
11415,-0.89117,0.00507,-0.00226,-0.45380
11424,-0.89117,0.00494,-0.00232,-0.45374
11433,-0.89117,0.00488,-0.00232,-0.45374
11442,-0.89117,0.00494,-0.00232,-0.45380
11452,-0.89111,0.00507,-0.00226,-0.45380
11462,-0.89111,0.00525,-0.00214,-0.45386
11472,-0.89105,0.00537,-0.00208,-0.45392
11482,-0.89105,0.00537,-0.00208,-0.45392
11492,-0.89111,0.00525,-0.00214,-0.45386
11502,-0.89111,0.00500,-0.00220,-0.45380
11512,-0.89117,0.00464,-0.00232,-0.45374
11522,-0.89124,0.00433,-0.00244,-0.45361
11532,-0.89124,0.00403,-0.00256,-0.45355
11542,-0.89136,0.00391,-0.00256,-0.45343
11552,-0.89166,0.00409,-0.00244,-0.45276
11563,-0.89191,0.00336,-0.00287,-0.45221
11573,-0.89215,0.00305,-0.00299,-0.45184
11583,-0.89233,0.00287,-0.00311,-0.45148
11593,-0.89252,0.00262,-0.00323,-0.45111
11603,-0.89270,0.00226,-0.00336,-0.45074
11613,-0.89282,0.00189,-0.00354,-0.45044
11623,-0.89288,0.00165,-0.00366,-0.45032
11633,-0.89294,0.00165,-0.00360,-0.45026
11643,-0.89294,0.00183,-0.00354,-0.45026
11653,-0.89294,0.00195,-0.00348,-0.45026
11663,-0.89294,0.00195,-0.00348,-0.45026
11673,-0.89294,0.00195,-0.00354,-0.45020
11683,-0.89301,0.00195,-0.00360,-0.45013
11693,-0.89301,0.00214,-0.00366,-0.45007
11703,-0.89313,0.00238,-0.00372,-0.44989
11713,-0.89325,0.00269,-0.00385,-0.44965
11723,-0.89355,0.00354,-0.00385,-0.44904
11732,-0.89398,0.00378,-0.00427,-0.44812
11742,-0.89453,0.00378,-0.00500,-0.44708
11752,-0.89502,0.00385,-0.00562,-0.44604
11762,-0.89557,0.00385,-0.00616,-0.44495
11772,-0.89618,0.00372,-0.00665,-0.44373
11782,-0.89685,0.00336,-0.00677,-0.44232
11792,-0.89752,0.00275,-0.00610,-0.44098
11802,-0.89819,0.00214,-0.00476,-0.43970
11812,-0.89832,0.00220,-0.00360,-0.43939
11822,-0.89850,0.00342,-0.00189,-0.43909
11832,-0.89886,0.00397,-0.00049,-0.43829
11842,-0.89923,0.00366,0.00018,-0.43756
11852,-0.89954,0.00330,0.00061,-0.43695
11863,-0.89954,0.00348,0.00110,-0.43689
11872,-0.89929,0.00439,0.00256,-0.43738
11883,-0.89899,0.00543,0.00464,-0.43799
11893,-0.89862,0.00592,0.00629,-0.43878
11903,-0.89825,0.00580,0.00708,-0.43945
11913,-0.89795,0.00531,0.00714,-0.44012
11923,-0.89758,0.00482,0.00745,-0.44086
11933,-0.89716,0.00421,0.00824,-0.44177
11943,-0.89661,0.00354,0.00934,-0.44275
11953,-0.89618,0.00293,0.01038,-0.44366
11963,-0.89575,0.00220,0.01105,-0.44452
11973,-0.89532,0.00146,0.01135,-0.44537
11983,-0.89484,0.00079,0.01154,-0.44629
11993,-0.89423,0.00006,0.01166,-0.44751
12003,-0.89337,-0.00098,0.01202,-0.44922
12013,-0.89233,-0.00159,0.01263,-0.45129
12023,-0.89130,-0.00165,0.01312,-0.45337
12033,-0.89032,-0.00153,0.01361,-0.45526
12043,-0.88947,-0.00165,0.01422,-0.45685
12053,-0.88892,-0.00183,0.01459,-0.45795
12063,-0.88849,-0.00214,0.01459,-0.45880
12072,-0.88806,-0.00262,0.01404,-0.45953
12082,-0.88770,-0.00311,0.01324,-0.46039
12092,-0.88708,-0.00372,0.01282,-0.46149
12102,-0.88617,-0.00427,0.01300,-0.46326
12112,-0.88495,-0.00415,0.01379,-0.46552
12122,-0.88354,-0.00397,0.01428,-0.46814
12132,-0.88196,-0.00342,0.01440,-0.47113
12142,-0.88043,-0.00287,0.01447,-0.47406
12152,-0.87903,-0.00226,0.01459,-0.47662
12163,-0.87775,-0.00165,0.01459,-0.47894
12173,-0.87653,-0.00110,0.01385,-0.48126
12183,-0.87512,-0.00067,0.01239,-0.48383
12193,-0.87354,-0.00055,0.01093,-0.48676
12203,-0.87177,-0.00085,0.01007,-0.48993
12213,-0.86993,-0.00128,0.00983,-0.49316
12223,-0.86816,-0.00146,0.00958,-0.49622
12233,-0.86652,-0.00116,0.00952,-0.49915
12243,-0.86511,-0.00061,0.01001,-0.50159
12253,-0.86401,-0.00055,0.01062,-0.50342
12263,-0.86316,-0.00110,0.01080,-0.50494
12273,-0.86230,-0.00226,0.01001,-0.50641
12283,-0.86115,-0.00385,0.00806,-0.50830
12293,-0.85980,-0.00452,0.00543,-0.51068
12303,-0.85840,-0.00421,0.00269,-0.51300
12313,-0.85730,-0.00342,0.00055,-0.51489
12323,-0.85645,-0.00275,-0.00049,-0.51630
12333,-0.85583,-0.00244,-0.00067,-0.51733
12343,-0.85529,-0.00256,-0.00061,-0.51825
12353,-0.85468,-0.00336,-0.00092,-0.51923
12363,-0.85388,-0.00446,-0.00183,-0.52057
12373,-0.85291,-0.00531,-0.00348,-0.52216
12383,-0.85181,-0.00555,-0.00574,-0.52386
12393,-0.85083,-0.00500,-0.00830,-0.52545
12403,-0.85010,-0.00415,-0.01068,-0.52661
12413,-0.84961,-0.00354,-0.01245,-0.52734
12423,-0.84930,-0.00330,-0.01379,-0.52777
12433,-0.84912,-0.00317,-0.01495,-0.52808
12443,-0.84894,-0.00311,-0.01599,-0.52838
12453,-0.84882,-0.00323,-0.01678,-0.52856
12463,-0.84875,-0.00342,-0.01727,-0.52856
12473,-0.84888,-0.00366,-0.01782,-0.52838
12483,-0.84900,-0.00409,-0.01868,-0.52814
12493,-0.84906,-0.00385,-0.01996,-0.52795
12503,-0.84912,-0.00256,-0.02167,-0.52777
12513,-0.84930,-0.00055,-0.02307,-0.52747
12523,-0.84973,0.00140,-0.02344,-0.52673
12533,-0.85046,0.00293,-0.02234,-0.52563
12544,-0.85132,0.00385,-0.02032,-0.52429
12554,-0.85229,0.00409,-0.01831,-0.52283
12564,-0.85309,0.00385,-0.01758,-0.52148
12574,-0.85370,0.00366,-0.01825,-0.52057
12584,-0.85406,0.00397,-0.01953,-0.51984
12594,-0.85431,0.00452,-0.02045,-0.51941
12604,-0.85449,0.00555,-0.02008,-0.51917
12615,-0.85468,0.00684,-0.01874,-0.51886
12624,-0.85498,0.00812,-0.01666,-0.51837
12633,-0.85559,0.00903,-0.01434,-0.51740
12643,-0.85645,0.00916,-0.01245,-0.51611
12653,-0.85730,0.00861,-0.01160,-0.51471
12663,-0.85803,0.00830,-0.01221,-0.51349
12673,-0.85852,0.00861,-0.01385,-0.51263
12683,-0.85870,0.00946,-0.01544,-0.51221
12693,-0.85876,0.01062,-0.01617,-0.51215
12703,-0.85858,0.01172,-0.01544,-0.51239
12713,-0.85815,0.01239,-0.01312,-0.51318
12723,-0.85773,0.01294,-0.01001,-0.51398
12734,-0.85742,0.01306,-0.00751,-0.51447
12744,-0.85730,0.01318,-0.00629,-0.51465
12754,-0.85742,0.01361,-0.00647,-0.51453
12764,-0.85785,0.01410,-0.00702,-0.51373
12774,-0.85870,0.01404,-0.00726,-0.51227
12784,-0.85962,0.01373,-0.00708,-0.51074
12794,-0.86060,0.01312,-0.00671,-0.50916
12804,-0.86145,0.01215,-0.00592,-0.50775
12814,-0.86212,0.01111,-0.00488,-0.50665
12824,-0.86243,0.00995,-0.00372,-0.50616
12833,-0.86255,0.00952,-0.00214,-0.50598
12843,-0.86273,0.00928,-0.00049,-0.50562
12853,-0.86310,0.00916,0.00134,-0.50500
12863,-0.86359,0.00916,0.00336,-0.50421
12873,-0.86407,0.00903,0.00537,-0.50330
12883,-0.86456,0.00861,0.00726,-0.50244
12893,-0.86493,0.00800,0.00891,-0.50183
12903,-0.86523,0.00739,0.01031,-0.50134
12913,-0.86554,0.00696,0.01117,-0.50079
12923,-0.86591,0.00677,0.01147,-0.50006
12933,-0.86639,0.00671,0.01147,-0.49921
12943,-0.86707,0.00653,0.01154,-0.49811
12953,-0.86786,0.00616,0.01166,-0.49670
12963,-0.86865,0.00574,0.01196,-0.49536
12973,-0.86938,0.00531,0.01251,-0.49408
12983,-0.87000,0.00470,0.01324,-0.49292
12994,-0.87054,0.00391,0.01398,-0.49194
13004,-0.87103,0.00281,0.01422,-0.49115
13015,-0.87128,0.00195,0.01379,-0.49066
13025,-0.87140,0.00159,0.01288,-0.49048
13035,-0.87152,0.00146,0.01178,-0.49036
13045,-0.87164,0.00140,0.01062,-0.49017
13055,-0.87177,0.00153,0.00964,-0.48993
13066,-0.87195,0.00177,0.00891,-0.48956
13076,-0.87225,0.00189,0.00830,-0.48901
13086,-0.87256,0.00208,0.00775,-0.48853
13096,-0.87286,0.00226,0.00720,-0.48798
13107,-0.87317,0.00214,0.00647,-0.48743
13116,-0.87329,0.00220,0.00568,-0.48718
13125,-0.87341,0.00262,0.00476,-0.48706
13134,-0.87347,0.00317,0.00385,-0.48694
13144,-0.87354,0.00403,0.00281,-0.48682
13154,-0.87366,0.00500,0.00122,-0.48657
13164,-0.87384,0.00555,-0.00012,-0.48621
13174,-0.87408,0.00598,-0.00122,-0.48584
13184,-0.87427,0.00647,-0.00214,-0.48541
13194,-0.87451,0.00696,-0.00317,-0.48499
13204,-0.87476,0.00726,-0.00421,-0.48456
13214,-0.87494,0.00732,-0.00507,-0.48419
13224,-0.87506,0.00739,-0.00555,-0.48401
13234,-0.87518,0.00757,-0.00568,-0.48383
13244,-0.87524,0.00781,-0.00568,-0.48364
13253,-0.87537,0.00812,-0.00574,-0.48346
13263,-0.87543,0.00836,-0.00592,-0.48328
13273,-0.87555,0.00854,-0.00623,-0.48303
13283,-0.87573,0.00842,-0.00629,-0.48279
13293,-0.87579,0.00830,-0.00641,-0.48260
13303,-0.87585,0.00842,-0.00641,-0.48248
13313,-0.87592,0.00861,-0.00623,-0.48242
13323,-0.87598,0.00873,-0.00610,-0.48236
13333,-0.87598,0.00873,-0.00598,-0.48236
13343,-0.87598,0.00873,-0.00586,-0.48236
13354,-0.87598,0.00873,-0.00580,-0.48236
13364,-0.87598,0.00861,-0.00580,-0.48236
13374,-0.87598,0.00848,-0.00574,-0.48236
13384,-0.87598,0.00842,-0.00568,-0.48236
13394,-0.87598,0.00842,-0.00562,-0.48236
13404,-0.87598,0.00842,-0.00549,-0.48236
13414,-0.87592,0.00842,-0.00549,-0.48242
13424,-0.87592,0.00830,-0.00543,-0.48242
13434,-0.87592,0.00818,-0.00543,-0.48248
13444,-0.87585,0.00793,-0.00543,-0.48254
13454,-0.87585,0.00775,-0.00543,-0.48260
13464,-0.87579,0.00751,-0.00537,-0.48267
13474,-0.87573,0.00726,-0.00537,-0.48279
13484,-0.87567,0.00708,-0.00531,-0.48285
13494,-0.87567,0.00690,-0.00525,-0.48297
13504,-0.87561,0.00684,-0.00513,-0.48303
13514,-0.87555,0.00665,-0.00513,-0.48309
13524,-0.87555,0.00641,-0.00513,-0.48315
13534,-0.87549,0.00616,-0.00507,-0.48328
13544,-0.87543,0.00604,-0.00494,-0.48340
13554,-0.87531,0.00580,-0.00482,-0.48358
13564,-0.87524,0.00543,-0.00476,-0.48370
13574,-0.87518,0.00513,-0.00476,-0.48383
13584,-0.87518,0.00482,-0.00470,-0.48383
13594,-0.87512,0.00458,-0.00470,-0.48389
13603,-0.87512,0.00439,-0.00464,-0.48395
13614,-0.87512,0.00421,-0.00458,-0.48401
13624,-0.87506,0.00409,-0.00452,-0.48407
13634,-0.87500,0.00409,-0.00446,-0.48413
13644,-0.87500,0.00403,-0.00433,-0.48419
13654,-0.87494,0.00391,-0.00427,-0.48431
13664,-0.87494,0.00372,-0.00427,-0.48431
13674,-0.87488,0.00348,-0.00421,-0.48438
13684,-0.87488,0.00317,-0.00421,-0.48444
13694,-0.87482,0.00287,-0.00427,-0.48444
13704,-0.87482,0.00281,-0.00415,-0.48456
13714,-0.87476,0.00281,-0.00397,-0.48462
13724,-0.87476,0.00275,-0.00385,-0.48462
13734,-0.87469,0.00275,-0.00372,-0.48468
13744,-0.87469,0.00281,-0.00360,-0.48474
13754,-0.87463,0.00281,-0.00342,-0.48480
13764,-0.87463,0.00281,-0.00330,-0.48486
13774,-0.87463,0.00275,-0.00317,-0.48486
13784,-0.87463,0.00256,-0.00317,-0.48486
13794,-0.87463,0.00226,-0.00323,-0.48486
13804,-0.87463,0.00201,-0.00323,-0.48486
13814,-0.87463,0.00189,-0.00311,-0.48486
13824,-0.87463,0.00189,-0.00299,-0.48486
13834,-0.87463,0.00189,-0.00293,-0.48486
13844,-0.87463,0.00177,-0.00287,-0.48486
13854,-0.87463,0.00159,-0.00287,-0.48486
13864,-0.87463,0.00134,-0.00287,-0.48486
13874,-0.87463,0.00098,-0.00293,-0.48486
13884,-0.87463,0.00067,-0.00293,-0.48486
13894,-0.87463,0.00049,-0.00293,-0.48486
13905,-0.87463,0.00031,-0.00293,-0.48486
13915,-0.87457,0.00018,-0.00287,-0.48492
13925,-0.87457,0.00000,-0.00287,-0.48499
13935,-0.87451,-0.00018,-0.00281,-0.48505
13948,-0.87451,-0.00037,-0.00281,-0.48511
13957,-0.87451,-0.00055,-0.00287,-0.48511
13966,-0.87451,-0.00067,-0.00293,-0.48511
13975,-0.87451,-0.00073,-0.00287,-0.48505
13984,-0.87451,-0.00073,-0.00281,-0.48505
13994,-0.87457,-0.00067,-0.00275,-0.48499
14004,-0.87457,-0.00055,-0.00275,-0.48492
14014,-0.87463,-0.00049,-0.00269,-0.48492
14026,-0.87463,-0.00031,-0.00269,-0.48486
14036,-0.87463,-0.00012,-0.00256,-0.48486
14046,-0.87463,0.00000,-0.00256,-0.48480
14057,-0.87469,0.00012,-0.00250,-0.48480
14067,-0.87469,0.00031,-0.00244,-0.48474
14077,-0.87469,0.00055,-0.00232,-0.48474
14087,-0.87469,0.00079,-0.00214,-0.48480
14098,-0.87469,0.00104,-0.00201,-0.48480
14108,-0.87463,0.00110,-0.00195,-0.48480
14117,-0.87463,0.00110,-0.00201,-0.48486
14126,-0.87463,0.00092,-0.00214,-0.48486
14135,-0.87463,0.00073,-0.00226,-0.48486
14144,-0.87463,0.00067,-0.00238,-0.48486
14154,-0.87463,0.00079,-0.00232,-0.48486
14164,-0.87463,0.00104,-0.00220,-0.48486
14174,-0.87463,0.00140,-0.00208,-0.48486
14184,-0.87463,0.00171,-0.00183,-0.48486
14194,-0.87463,0.00208,-0.00165,-0.48492
14204,-0.87463,0.00232,-0.00146,-0.48492
14214,-0.87463,0.00256,-0.00134,-0.48492
14225,-0.87463,0.00269,-0.00128,-0.48492
14235,-0.87463,0.00275,-0.00128,-0.48486
14246,-0.87463,0.00269,-0.00134,-0.48486
14256,-0.87463,0.00256,-0.00140,-0.48486
14266,-0.87463,0.00232,-0.00159,-0.48480
14276,-0.87463,0.00208,-0.00177,-0.48480
14286,-0.87469,0.00177,-0.00201,-0.48480
14297,-0.87469,0.00146,-0.00220,-0.48480
14307,-0.87469,0.00104,-0.00250,-0.48480
14317,-0.87469,0.00067,-0.00275,-0.48480
14327,-0.87469,0.00043,-0.00293,-0.48474
14336,-0.87469,0.00024,-0.00299,-0.48474
14345,-0.87469,0.00024,-0.00305,-0.48474
14355,-0.87469,0.00018,-0.00311,-0.48474
14364,-0.87469,0.00006,-0.00317,-0.48480
14374,-0.87469,-0.00012,-0.00336,-0.48480
14384,-0.87469,-0.00037,-0.00348,-0.48480
14394,-0.87469,-0.00067,-0.00372,-0.48480
14404,-0.87469,-0.00085,-0.00391,-0.48480
14414,-0.87463,-0.00092,-0.00391,-0.48480
14425,-0.87463,-0.00085,-0.00391,-0.48480
14435,-0.87463,-0.00079,-0.00385,-0.48480
14446,-0.87463,-0.00067,-0.00385,-0.48480
14456,-0.87463,-0.00055,-0.00385,-0.48480
14466,-0.87463,-0.00043,-0.00378,-0.48480
14476,-0.87463,-0.00024,-0.00372,-0.48480
14486,-0.87463,-0.00012,-0.00372,-0.48480
14497,-0.87463,0.00006,-0.00366,-0.48480
14507,-0.87463,0.00012,-0.00372,-0.48480
14517,-0.87463,0.00018,-0.00378,-0.48480
14526,-0.87463,0.00018,-0.00385,-0.48480
14535,-0.87463,0.00006,-0.00397,-0.48486
14544,-0.87463,-0.00031,-0.00421,-0.48486
14555,-0.87445,-0.00073,-0.00439,-0.48517
14565,-0.87427,-0.00067,-0.00433,-0.48553
14574,-0.87408,-0.00049,-0.00421,-0.48590
14585,-0.87396,-0.00031,-0.00421,-0.48602
14595,-0.87396,-0.00037,-0.00427,-0.48602
14605,-0.87396,-0.00049,-0.00433,-0.48602
14615,-0.87396,-0.00049,-0.00433,-0.48602
14626,-0.87396,-0.00049,-0.00433,-0.48602
14636,-0.87402,-0.00055,-0.00433,-0.48602
14646,-0.87402,-0.00067,-0.00446,-0.48596
14656,-0.87402,-0.00104,-0.00470,-0.48596
14667,-0.87408,-0.00146,-0.00494,-0.48590
14677,-0.87408,-0.00183,-0.00519,-0.48584
14687,-0.87408,-0.00201,-0.00537,-0.48578
14697,-0.87415,-0.00214,-0.00555,-0.48578
14708,-0.87415,-0.00226,-0.00568,-0.48572
14718,-0.87415,-0.00238,-0.00580,-0.48572
14727,-0.87408,-0.00262,-0.00592,-0.48578
14736,-0.87396,-0.00287,-0.00604,-0.48608
14745,-0.87390,-0.00269,-0.00598,-0.48621
14755,-0.87384,-0.00287,-0.00610,-0.48621
14764,-0.87384,-0.00305,-0.00623,-0.48621
14774,-0.87390,-0.00299,-0.00616,-0.48621
14784,-0.87390,-0.00287,-0.00616,-0.48621
14794,-0.87390,-0.00287,-0.00616,-0.48621
14804,-0.87390,-0.00287,-0.00616,-0.48621
14814,-0.87390,-0.00293,-0.00623,-0.48621
14824,-0.87390,-0.00311,-0.00635,-0.48621
14835,-0.87384,-0.00336,-0.00653,-0.48621
14845,-0.87384,-0.00372,-0.00684,-0.48621
14855,-0.87384,-0.00421,-0.00714,-0.48621
14865,-0.87390,-0.00476,-0.00751,-0.48615
14875,-0.87384,-0.00562,-0.00806,-0.48627
14885,-0.87360,-0.00635,-0.00842,-0.48657
14895,-0.87341,-0.00677,-0.00873,-0.48700
14905,-0.87317,-0.00720,-0.00897,-0.48743
14915,-0.87286,-0.00745,-0.00916,-0.48785
14926,-0.87256,-0.00763,-0.00928,-0.48846
14936,-0.87219,-0.00745,-0.00922,-0.48907
14946,-0.87189,-0.00714,-0.00903,-0.48969
14956,-0.87164,-0.00659,-0.00879,-0.49017
14967,-0.87152,-0.00616,-0.00854,-0.49036
14977,-0.87152,-0.00604,-0.00854,-0.49036
14987,-0.87146,-0.00610,-0.00854,-0.49042
14998,-0.87146,-0.00610,-0.00854,-0.49042
15008,-0.87146,-0.00598,-0.00842,-0.49048
15018,-0.87146,-0.00586,-0.00830,-0.49048
15028,-0.87146,-0.00562,-0.00818,-0.49048
15037,-0.87146,-0.00537,-0.00800,-0.49048
15046,-0.87146,-0.00507,-0.00781,-0.49048
15055,-0.87146,-0.00482,-0.00763,-0.49048
15065,-0.87146,-0.00464,-0.00751,-0.49042
15075,-0.87152,-0.00446,-0.00739,-0.49042
15085,-0.87152,-0.00439,-0.00732,-0.49042
15095,-0.87152,-0.00439,-0.00739,-0.49042
15105,-0.87152,-0.00446,-0.00739,-0.49042
15115,-0.87152,-0.00439,-0.00739,-0.49042
15125,-0.87152,-0.00439,-0.00739,-0.49042
15136,-0.87146,-0.00427,-0.00732,-0.49042
15147,-0.87146,-0.00415,-0.00726,-0.49042
15157,-0.87146,-0.00403,-0.00720,-0.49042
15167,-0.87146,-0.00378,-0.00702,-0.49042
15178,-0.87146,-0.00354,-0.00684,-0.49042
15188,-0.87146,-0.00323,-0.00665,-0.49042
15198,-0.87152,-0.00299,-0.00647,-0.49042
15208,-0.87152,-0.00275,-0.00635,-0.49042
15218,-0.87152,-0.00256,-0.00623,-0.49048
15229,-0.87152,-0.00256,-0.00623,-0.49042
15239,-0.87152,-0.00256,-0.00629,-0.49042
15249,-0.87152,-0.00256,-0.00623,-0.49048
15259,-0.87146,-0.00244,-0.00623,-0.49048
15270,-0.87152,-0.00244,-0.00616,-0.49048
15280,-0.87146,-0.00238,-0.00616,-0.49048
15290,-0.87152,-0.00226,-0.00610,-0.49048
15300,-0.87146,-0.00214,-0.00610,-0.49048
15311,-0.87146,-0.00214,-0.00610,-0.49048
15321,-0.87146,-0.00226,-0.00616,-0.49048
15331,-0.87146,-0.00256,-0.00635,-0.49048
15340,-0.87146,-0.00287,-0.00659,-0.49048
15349,-0.87152,-0.00305,-0.00671,-0.49042
15358,-0.87152,-0.00317,-0.00677,-0.49042
15367,-0.87152,-0.00323,-0.00677,-0.49036
15376,-0.87152,-0.00311,-0.00671,-0.49036
15385,-0.87152,-0.00299,-0.00659,-0.49036
15395,-0.87152,-0.00281,-0.00653,-0.49036
15405,-0.87152,-0.00275,-0.00647,-0.49036
15415,-0.87152,-0.00275,-0.00653,-0.49036
15425,-0.87152,-0.00287,-0.00659,-0.49036
15435,-0.87152,-0.00299,-0.00665,-0.49036
15445,-0.87158,-0.00311,-0.00671,-0.49030
15455,-0.87158,-0.00323,-0.00677,-0.49030
15465,-0.87158,-0.00330,-0.00677,-0.49030
15475,-0.87158,-0.00330,-0.00677,-0.49023
15485,-0.87164,-0.00323,-0.00671,-0.49017
15495,-0.87170,-0.00323,-0.00671,-0.49011
15505,-0.87170,-0.00336,-0.00677,-0.48999
15515,-0.87183,-0.00342,-0.00690,-0.48981
15525,-0.87195,-0.00378,-0.00708,-0.48962
15535,-0.87201,-0.00403,-0.00726,-0.48950
15545,-0.87201,-0.00427,-0.00739,-0.48944
15555,-0.87201,-0.00439,-0.00745,-0.48944
15565,-0.87201,-0.00446,-0.00751,-0.48950
15575,-0.87201,-0.00458,-0.00757,-0.48950
15585,-0.87201,-0.00458,-0.00763,-0.48950
15595,-0.87201,-0.00452,-0.00763,-0.48950
15605,-0.87201,-0.00452,-0.00763,-0.48950
15615,-0.87201,-0.00452,-0.00763,-0.48950
15625,-0.87201,-0.00452,-0.00769,-0.48950
15635,-0.87201,-0.00458,-0.00769,-0.48950
15645,-0.87201,-0.00452,-0.00775,-0.48956
15655,-0.87195,-0.00439,-0.00775,-0.48956
15665,-0.87195,-0.00409,-0.00763,-0.48956
15675,-0.87195,-0.00366,-0.00745,-0.48962
15685,-0.87195,-0.00305,-0.00714,-0.48962
15695,-0.87189,-0.00232,-0.00677,-0.48975
15705,-0.87189,-0.00159,-0.00635,-0.48981
15715,-0.87183,-0.00098,-0.00592,-0.48987
15725,-0.87183,-0.00043,-0.00555,-0.48987
15735,-0.87183,0.00006,-0.00525,-0.48993
15745,-0.87177,0.00043,-0.00500,-0.48993
15755,-0.87177,0.00067,-0.00482,-0.48993
15766,-0.87183,0.00092,-0.00470,-0.48993
15775,-0.87183,0.00104,-0.00470,-0.48987
15785,-0.87183,0.00110,-0.00470,-0.48987
15796,-0.87183,0.00122,-0.00470,-0.48987
15805,-0.87183,0.00134,-0.00464,-0.48987
15815,-0.87183,0.00153,-0.00446,-0.48987
15825,-0.87183,0.00183,-0.00433,-0.48987
15836,-0.87183,0.00208,-0.00421,-0.48987
15846,-0.87183,0.00256,-0.00403,-0.48987
15857,-0.87183,0.00311,-0.00378,-0.48987
15867,-0.87201,0.00415,-0.00330,-0.48956
15877,-0.87219,0.00476,-0.00311,-0.48920
15889,-0.87244,0.00543,-0.00293,-0.48883
15899,-0.87262,0.00580,-0.00287,-0.48840
15909,-0.87286,0.00598,-0.00287,-0.48804
15920,-0.87305,0.00616,-0.00281,-0.48767
15930,-0.87323,0.00629,-0.00275,-0.48737
15940,-0.87335,0.00635,-0.00275,-0.48712
15948,-0.87347,0.00623,-0.00287,-0.48688
15957,-0.87366,0.00604,-0.00293,-0.48663
15967,-0.87372,0.00592,-0.00305,-0.48645
15976,-0.87384,0.00586,-0.00311,-0.48627
15986,-0.87396,0.00580,-0.00317,-0.48608
15996,-0.87402,0.00586,-0.00323,-0.48590
16006,-0.87408,0.00592,-0.00330,-0.48578
16016,-0.87415,0.00592,-0.00336,-0.48566
16026,-0.87427,0.00580,-0.00348,-0.48553
16036,-0.87433,0.00568,-0.00360,-0.48535
16047,-0.87439,0.00549,-0.00372,-0.48529
16057,-0.87439,0.00537,-0.00391,-0.48523
16067,-0.87445,0.00537,-0.00397,-0.48517
16078,-0.87445,0.00543,-0.00409,-0.48511
16088,-0.87451,0.00543,-0.00427,-0.48511
16098,-0.87451,0.00543,-0.00433,-0.48505
16109,-0.87451,0.00549,-0.00446,-0.48505
16119,-0.87451,0.00549,-0.00452,-0.48499
16129,-0.87451,0.00543,-0.00464,-0.48499
16140,-0.87451,0.00537,-0.00464,-0.48499
16149,-0.87451,0.00537,-0.00470,-0.48505
16158,-0.87451,0.00531,-0.00482,-0.48505
16167,-0.87451,0.00531,-0.00488,-0.48505
16176,-0.87451,0.00537,-0.00494,-0.48499
16186,-0.87457,0.00555,-0.00500,-0.48499
16196,-0.87457,0.00586,-0.00494,-0.48492
16206,-0.87457,0.00604,-0.00494,-0.48492
16216,-0.87457,0.00616,-0.00494,-0.48492
16226,-0.87457,0.00616,-0.00494,-0.48486
16236,-0.87457,0.00616,-0.00500,-0.48486
16247,-0.87463,0.00604,-0.00513,-0.48486
16258,-0.87463,0.00598,-0.00525,-0.48480
16268,-0.87469,0.00586,-0.00537,-0.48474
16278,-0.87476,0.00580,-0.00549,-0.48462
16288,-0.87476,0.00580,-0.00562,-0.48456
16298,-0.87482,0.00592,-0.00568,-0.48450
16309,-0.87482,0.00598,-0.00568,-0.48450
16319,-0.87482,0.00598,-0.00568,-0.48450
16329,-0.87482,0.00598,-0.00568,-0.48450
16339,-0.87482,0.00592,-0.00574,-0.48450
16348,-0.87482,0.00580,-0.00580,-0.48450
16357,-0.87482,0.00568,-0.00592,-0.48444
16366,-0.87488,0.00555,-0.00610,-0.48438
16376,-0.87488,0.00537,-0.00635,-0.48431
16386,-0.87494,0.00519,-0.00653,-0.48431
16396,-0.87494,0.00500,-0.00665,-0.48431
16406,-0.87494,0.00500,-0.00671,-0.48425
16416,-0.87494,0.00507,-0.00677,-0.48425
16426,-0.87494,0.00513,-0.00677,-0.48419
16436,-0.87494,0.00519,-0.00671,-0.48419
16447,-0.87500,0.00519,-0.00677,-0.48413
16457,-0.87506,0.00507,-0.00696,-0.48407
16467,-0.87506,0.00488,-0.00708,-0.48401
16478,-0.87512,0.00470,-0.00726,-0.48395
16488,-0.87512,0.00458,-0.00739,-0.48395
16498,-0.87506,0.00452,-0.00745,-0.48401
16508,-0.87506,0.00458,-0.00739,-0.48407
16519,-0.87500,0.00476,-0.00726,-0.48413
16529,-0.87500,0.00494,-0.00714,-0.48419
16539,-0.87494,0.00500,-0.00708,-0.48419
16548,-0.87500,0.00500,-0.00720,-0.48419
16557,-0.87500,0.00488,-0.00739,-0.48413
16566,-0.87506,0.00458,-0.00769,-0.48401
16576,-0.87512,0.00433,-0.00812,-0.48389
16586,-0.87524,0.00403,-0.00854,-0.48370
16596,-0.87531,0.00372,-0.00897,-0.48352
16606,-0.87537,0.00336,-0.00928,-0.48346
