time,accx,accy,accz
5,     7,   -11,   -50
10,    -5,   -32,   -48
15,    -4,   -27,   -60
20,     0,   -16,   -67
24,     2,   -13,   -66
29,     2,   -15,   -64
34,     4,    -7,   -58
39,     2,   -10,   -55
44,    -3,   -26,   -46
49,    -6,   -38,   -45
54,    -6,   -26,   -51
58,    -6,     4,   -43
63,     3,    25,   -24
68,     8,    36,     2
73,    10,    45,     8
78,     5,    50,     9
82,     1,    80,     0
87,     2,    80,   -28
92,    -5,   -11,   -53
97,    18,    90,   -65
101,     8,   127,   -61
106,     8,   113,   -79
111,     8,    82,   -90
116,     1,     4,  -100
120,     0,   -33,  -101
125,     4,   -35,   -94
130,     7,   -32,   -87
135,     2,   -25,   -79
139,     0,   -29,   -63
144,    -7,   -34,   -56
150,   -10,   -23,   -47
160,    -5,   -29,   -52
170,    -1,   -35,   -55
180,     0,   -31,   -64
190,    -1,   -24,   -58
200,     2,    -3,   -60
210,    -1,     6,   -53
220,     0,    22,   -40
230,     9,    30,   -31
240,     9,    45,   -32
250,    87,  -170,  -156
260,   108,  -227,  -211
270,    80,  -162,  -172
280,    60,  -105,  -131
290,    47,   -73,  -101
300,    36,   -57,   -84
310,    23,   -50,   -73
320,    18,   -32,   -74
330,    10,   -25,   -74
340,    11,   -14,   -75
350,     6,    -8,   -71
360,     6,     1,   -63
370,     3,     0,   -57
380,    -2,    -2,   -48
390,     0,    -7,   -48
400,    -1,    -4,   -57
410,    -3,     0,   -60
420,     0,     0,   -58
430,     0,     6,   -51
440,    -1,     7,   -48
450,     1,     7,   -45
460,     0,     7,   -46
470,    -2,     4,   -44
480,    -3,     5,   -46
490,    -5,     8,   -48
500,    -4,     7,   -45
510,    -2,     4,   -49
520,    -1,     0,   -51
530,     2,    -3,   -53
540,     4,    -5,   -59
550,     4,     0,   -49
560,     2,     4,   -43
570,     2,     8,   -33
580,     0,     7,   -33
590,    -1,     1,   -41
600,     0,    -3,   -49
610,    -1,     1,   -51
624,     0,    10,   -44
634,    -1,    11,   -33
644,    -2,     5,   -35
654,     1,     0,   -42
664,     1,     1,   -47
674,     3,     0,   -51
684,     2,     0,   -55
694,    -2,    -2,   -46
704,     2,     0,   -39
714,     3,     1,   -43
724,     0,    -2,   -59
734,    -2,    -6,   -53
745,     0,    -3,   -44
754,     2,    -2,   -33
764,     5,     3,   -34
775,     0,     3,   -43
785,     5,     2,   -57
795,    14,    11,   -72
805,    17,     7,   -79
814,    23,    13,   -69
824,    37,    34,   -48
834,    26,     8,   -37
844,    18,    10,   -29
854,     6,     4,   -44
864,    -3,   -11,   -52
874,   -10,   -39,   -52
884,   -17,   -59,   -46
894,   -19,   -53,   -39
904,   -14,   -37,   -38
914,   -13,   -22,   -36
924,    -9,   -16,   -40
934,    -3,   -13,   -47
945,    -7,    -5,   -49
954,    -7,    -4,   -47
965,    -4,    -9,   -41
975,    -4,   -11,   -46
985,    -4,   -10,   -56
995,    -5,   -11,   -61
1005,    -1,   -10,   -56
1015,    -3,    -4,   -53
1025,    -4,    -3,   -47
1035,    -1,    -8,   -46
1045,    -8,    -4,   -49
1055,    -4,    -1,   -52
1065,    -4,     6,   -61
1074,    -1,     7,   -58
1084,    -1,     7,   -61
1094,    -3,     6,   -65
1104,    -2,     3,   -60
1115,     0,     3,   -57
1126,     1,    -1,   -57
1136,     1,     1,   -48
1147,    -1,     5,   -40
1157,    -1,     5,   -42
1167,     1,     7,   -51
1178,     0,     5,   -62
1188,    -1,     0,   -62
1198,     0,    -4,   -54
1209,    -1,    -1,   -56
1219,    -6,    -5,   -48
1228,    -8,   -16,   -43
1237,    -6,   -13,   -33
1246,    -3,    -8,   -43
1255,    -4,    -4,   -48
1265,    -6,    -7,   -49
1275,    -7,   -12,   -60
1285,    -3,   -10,   -65
1295,    -5,   -12,   -57
1305,    -2,    -4,   -51
1315,    -2,    -2,   -47
1325,     4,    -1,   -44
1335,     4,     2,   -52
1345,     6,     1,   -57
1355,     4,    -3,   -57
1365,     1,   -13,   -60
1375,     1,   -12,   -60
1385,     0,    -9,   -60
1395,     0,    -2,   -52
1405,    -3,     1,   -42
1415,    -4,    -1,   -50
1425,    -5,    -2,   -63
1435,     0,    -3,   -69
1445,     3,    -2,   -69
1455,     4,     2,   -65
1465,     0,     1,   -54
1475,    -6,     6,   -41
1485,    -4,     8,   -30
1495,     0,    17,   -37
1505,     0,    23,   -43
1515,    -6,    20,   -41
1525,    -5,    20,   -41
1534,     0,    24,   -41
1546,     8,    17,   -47
1554,    13,     8,   -62
1564,     8,    -8,   -74
1576,     5,   -23,   -83
1584,    -2,   -17,   -80
1594,    -8,    -5,   -56
1604,   -10,    -6,   -33
1614,   -12,    -4,    -9
1624,   -11,     0,   -12
1635,    -5,    26,   -33
1645,     0,    46,   -38
1655,     4,    71,   -14
1665,   -47,   219,    80
1675,   -58,   330,   147
1685,   -60,   123,   414
1695,  -125,   161,   553
1705,  -195,   176,   762
1715,  -200,   294,  1221
1725,   -77,   394,  1807
1735,  -151,   768,  2055
1745,  -131,  1188,  1691
1755,  -223,  1426,  1353
1765,  -263,  1395,  1096
1775,  -258,  1180,   727
1785,  -393,  1426,   316
1795,  -254,  1447,   -15
1805,  -303,  1831,   163
1815,  -407,  2262,   722
1825,  -370,  2518,  1233
1835,  -358,  2748,  1562
1845,  -293,  2835,  1697
1855,  -249,  2768,  1649
1865,  -203,  2568,  1332
1875,   -94,  2200,   823
1885,    60,  1699,   337
1895,   172,  1299,   -18
1905,   232,  1157,  -233
1915,   233,  1194,  -321
1925,   228,  1307,  -347
1935,   272,  1383,  -244
1945,   292,  1434,    76
1955,   282,  1500,   409
1965,   219,  1512,   682
1975,   167,  1339,   628
1985,   158,  1006,   137
1995,   203,   618,  -552
2005,   237,   335, -1057
2015,   252,   229, -1175
2025,   257,   301,  -967
2035,   248,   502,  -594
2045,   205,   796,  -218
2055,    84,  1196,   -16
2065,  -146,  1534,  -130
2075,  -369,  1624,  -572
2085,  -461,  1320, -1273
2095,  -277,  -209, -2625
2105,  -548,   444, -3027
2115,  -407,   171, -2449
2125,  -272,   195, -1792
2135,  -209,   338, -1197
2145,   -51,   276,  -582
2155,   -59,   315,   -99
2165,  -122,   220,   -58
2175,  -135,  -123,  -311
2185,  -187,  -419,  -488
2195,  -331,  -552,  -746
2205,  -481,  -569, -1199
2215,  -455,  -597, -1488
2225,  -353,  -722, -1404
2235,  -273,  -923, -1030
2245,  -203, -1138,  -608
2255,   -57, -1398,  -522
2265,    34, -1628,  -712
2275,   131, -1848,  -998
2285,   163, -2090, -1240
2295,    84, -2284, -1489
2305,    58, -2398, -1757
2315,    11, -2277, -1995
2325,   -24, -1859, -2022
2335,   -68, -1438, -1605
2345,  -126, -1128,  -975
2355,  -235,  -788,  -350
2365,  -313,  -554,    54
2375,  -379,  -562,   163
2385,  -407,  -614,   -52
2395,  -383,  -693,  -354
2405,  -294,  -841,  -438
2415,  -203, -1040,  -184
2425,  -164, -1244,   110
2435,  -154, -1468,   188
2445,   -73, -1654,    27
2455,   -40, -1693,   -86
2465,   -80, -1583,  -139
2475,  -170, -1473,  -186
2485,  -250, -1432,  -251
2495,  -353, -1428,  -427
2505,  -402, -1489,  -837
2515,  -308, -1661, -1409
2525,  -115, -1708, -1689
2535,   131, -1576, -1173
2545,   254, -1161,    74
2555,   231,  -491,  1350
2565,   268,   -63,  2071
2575,   264,   140,  2278
2585,   328,  -236,  2023
2595,   532, -1328,  1455
2605,   739, -2181,   773
2615,   824, -2193,   414
2625,   765, -1831,   315
2635,   647, -1247,   544
2645,   731, -1918,   644
2655,   546, -1973,   681
2665,    73, -1315,   544
2675,  -177, -1359,   180
2686,  -365, -1157,  -395
2695,  -522, -1003,  -964
2706,  -591,  -987, -1402
2716,  -465, -1319, -1595
2725,  -323, -1684, -1522
2736,  -260, -1798, -1228
2746,  -226, -1635,  -799
2756,  -274, -1187,  -516
2766,  -434,  -546,  -287
2776,  -637,   -10,  -123
2786,  -774,   297,    21
2795,  -824,   440,   252
2805,  -740,   450,   609
2816,  -600,   478,  1056
2825,  -515,   576,  1440
2835,  -348,   418,  1572
2845,   -87,    76,  1449
2855,    93,  -259,  1161
2865,   263,  -468,   734
2876,   436,  -581,   402
2887,   997,  -647, -1005
2895,   547,  -216,  -102
2905,   479,   -62,   713
2915,   437,   -70,  1374
2926,   467,  -125,  1820
2935,   486,   -94,  1902
2945,   333,    53,  1585
2955,   134,   131,  1004
2966,   -64,   146,   220
2976,  -247,   174,  -471
2986,  -375,   202,  -870
2995,  -443,   247, -1091
3005,  -342,   214, -1224
3016,  -233,   259, -1001
3026,  -157,   384,  -605
3036,  -119,   369,  -260
3045,   -77,   305,   -61
3055,   -90,   257,   117
3065,    -6,   164,   258
3075,    83,    42,   400
3086,   180,    41,   580
3095,   191,    65,   324
3105,   215,    52,   213
3115,   301,   -49,   277
3125,   392,  -192,   281
3135,   448,  -317,   134
3146,   414,  -333,   177
3156,   343,  -378,    76
3166,   161,  -294,    18
3176,   -70,    -2,  -141
3186,  -339,   352,  -164
3196,  -438,   595,  -105
3206,  -386,   533,   -21
3216,  -325,   370,   -17
3226,  -245,   240,    13
3236,  -188,   158,    32
3246,   -77,   102,    34
3256,   -12,   107,    39
3266,    14,   196,    12
3276,    29,   201,   -40
3286,    27,   169,   -80
3296,    31,   116,  -101
3306,    24,   130,  -117
3316,    40,   128,  -115
3326,    53,   112,   -93
3336,    61,   110,   -66
3347,    62,   106,   -32
3356,    49,    76,   -18
3366,    22,    62,    -5
3377,    59,    12,     6
3386,    32,    66,   -24
3396,   -24,   158,   -60
3407,   -21,   159,   -94
3416,   -22,   163,  -103
3426,   -12,   142,  -110
3436,     0,   102,   -82
3447,    -3,    78,   -25
3456,    -4,    67,    28
3467,    -5,    68,    48
3477,    -9,    84,    15
3487,    -9,   112,   -40
3497,    -6,    97,   -92
3507,    -7,    99,   -74
3517,    -2,    99,   -19
3527,     5,    93,    22
3537,    -1,    68,    24
3546,    -4,    73,     3
3556,     0,    81,   -26
3567,    11,    79,   -55
3577,    19,    78,   -73
3587,    13,    77,   -66
3597,     4,    73,   -35
3607,    -2,    72,    -2
3617,    -5,    75,    -2
3627,   -10,    80,   -32
3637,    -3,    80,   -78
3647,     3,    77,   -89
3657,     4,    73,   -68
3667,    -3,    68,   -37
3677,   -13,    73,    -8
3687,   -17,    77,    -3
3697,   -10,    79,   -23
3707,    -5,    82,   -60
3717,    -7,    87,   -82
3727,    -4,    86,   -89
3737,     1,    76,   -63
3747,     7,    67,   -19
3757,     6,    62,     5
3767,     1,    67,   -11
3777,     0,    73,   -46
3787,     4,    73,   -78
3797,     7,    73,   -84
3806,     0,    66,   -50
3816,    -3,    59,   -19
3826,    -4,    52,    17
3836,     0,    47,    27
3846,     0,    51,    -7
3856,    -5,    63,   -58
3866,     0,    78,  -107
3876,     3,    80,  -115
3886,    15,    76,   -90
3896,    18,    68,   -53
3906,    11,    68,   -22
3916,     9,    66,   -16
3926,    16,    68,   -45
3936,    21,    69,   -69
3947,    17,    65,   -93
3956,     8,    65,   -76
3966,     0,    56,   -42
3976,    -3,    45,     0
3986,    -2,    40,    24
3996,     0,    47,    23
4006,    -9,    79,    -4
4016,    -1,    77,   -48
4026,    -2,    84,   -70
4037,     1,    70,   -67
4047,    13,    66,   -34
4057,    14,    40,     0
4067,    14,    32,    10
4077,    14,    47,   -15
4086,    23,    64,   -69
4096,    24,    68,  -105
4107,    46,    42,  -122
4117,    53,    28,   -77
4127,    39,    48,   -15
4137,    77,    78,    48
4147,    60,   100,    62
4157,    20,   102,     4
4167,   -20,    75,   -59
4177,   -49,    60,   -68
4187,   -54,    51,   -49
4197,   -47,    46,     2
4207,   -40,    42,    52
4216,   -31,    33,    56
4226,   -26,    38,    44
4236,   -19,    54,     0
4247,    -5,    59,   -29
4257,     6,    45,   -53
4267,    15,    40,   -65
4277,    31,    51,   -69
4287,    36,    49,   -82
4297,   116,    86,  -145
4307,    25,    36,  -112
4317,    26,    40,   -91
4327,    14,    18,   -74
4337,    27,    13,   -60
4347,   -42,    18,   -23
4357,   -37,    11,     0
4367,   -32,     5,    13
4377,   -33,    20,     2
4387,   -40,    62,   -17
4397,   -47,   108,   -51
4407,    -8,    62,  -114
4417,    -4,    76,  -130
4427,     2,    94,  -113
4437,     5,    71,   -96
4447,     6,    73,   -59
4457,    18,    22,   -58
4467,    14,    20,   -58
4477,    14,    34,   -59
4487,    11,    36,   -47
4497,    15,    34,   -23
4507,    16,    29,    -5
4517,    16,    20,     6
4527,    16,    16,    11
4537,    15,    19,    -3
4547,    13,    19,   -38
4557,    14,    28,   -81
4567,     4,    36,   -97
4577,    -1,    40,   -84
4587,    -4,    41,   -45
4597,    -5,    38,    -5
4608,   -14,    31,    -1
4618,    -9,    37,   -21
4628,    -7,    43,   -59
4637,    -1,    42,   -87
4647,    10,    38,   -84
4657,    12,    30,   -52
4667,    12,    26,   -14
4677,     9,    26,    13
4687,     3,    35,   -13
4697,     3,    42,   -64
4707,     7,    51,  -104
4717,    15,    48,  -113
4728,    19,    31,   -87
4737,    25,    24,   -47
4748,    25,    20,   -13
4757,    19,    17,     4
4767,     2,    24,   -11
4777,     2,    28,   -52
4787,     1,    37,   -81
4797,    -2,    29,   -69
4807,    -7,    30,   -37
4817,   -20,    32,    -2
4827,   -21,    39,     6
4837,   -34,    56,   -12
4847,   -53,   150,   -56
4857,   -78,   208,   -70
4867,   -85,   165,   -61
4877,   -82,   118,   -35
4887,    12,     2,    18
4898,    68,   -96,    21
4907,    77,   -97,    -4
4918,    90,   -59,   -62
4928,    86,   -36,  -111
4938,    71,   -25,   -70
4948,    32,    -9,    24
4958,    15,   -23,   135
4968,   193,  -145,   199
4978,   287,  -228,   -31
4988,   351,  -329,   -18
4998,   366,  -310,   157
5008,   342,  -265,   325
5018,   224,   -11,   278
5028,   440,   430,   677
5038,   460,   100,  1349
5048,   353,    79,  1517
5057,   301,    60,  1082
5067,   272,    38,   555
5077,   278,   264,   128
5087,   327,   479,   -90
5097,   528,   580,  -279
5107,   828,   481,  -219
5117,  1246,   222,    46
5127,  1622,   183,   538
5137,  1936,   292,  1062
5147,  2217,   359,  1535
5157,  2421,   345,  1900
5167,  2570,   206,  2177
5177,  2669,   117,  2386
5187,  2664,   291,  2457
5197,  2570,   518,  2289
5207,  2543,   500,  1974
5218,  2496,   334,  1779
5227,  2379,   122,  1563
5237,  2310,  -170,  1055
5247,  2257,  -410,   429
5257,  2137,  -481,  -141
5267,  2063,  -569,  -550
5277,  2005,  -679,  -673
5287,  1956,  -838,  -757
5297,  1907,  -876,  -780
5308,  1820,  -830,  -726
5318,  1622,  -547,  -576
5328,  1378,  -220,  -552
5338,  1168,    99,  -767
5348,   964,   400,  -900
5358,   796,   510,  -900
5368,   688,   337,  -856
5378,   574,    13,  -815
5387,   469,  -322,  -930
5397,   378,  -616, -1174
5407,   266,  -828, -1479
5417,   188,  -942, -1852
5427,   125,  -907, -2296
5437,   133,  -841, -2548
5447,   166,  -703, -2303
5457,   166,  -454, -1629
5468,   180,  -302,  -861
5478,   161,  -208,  -227
5488,   120,  -283,   159
5498,    79,  -531,   323
5508,   -50,  -719,   281
5518,  -332,  -736,    20
5528,  -664,  -635,  -539
5538,  -976,  -514, -1192
5548, -1245,  -413, -1724
5558, -1445,  -358, -2029
5568, -1578,  -313, -2028
5578, -1669,  -218, -1765
5588, -1702,   -44, -1289
5598, -1775,   258,  -831
5608, -1870,   586,  -456
5618, -1977,   759,  -271
5628, -2021,   696,  -213
5638, -2064,   587,  -102
5648, -2110,   498,    63
5658, -2152,   447,   215
5669, -2232,   446,   342
5678, -2387,   524,   360
5688, -2581,   630,   249
5698, -2736,   650,    50
5708, -2830,   577,  -227
5718, -2847,   495,  -468
5728, -2836,   470,  -599
5738, -2815,   489,  -586
5748, -2794,   571,  -605
5758, -2728,   604,  -716
5768, -2628,   487,  -807
5778, -2456,   239,  -807
5788, -2239,   128,  -709
5798, -2006,   188,  -498
5808, -1776,   381,   -98
5818, -1652,   724,   386
5828, -1544,   907,   712
5838, -1337,   697,   714
5848, -1108,   232,   506
5858,  -889,  -454,   158
5868,  -727,  -878,   -49
5878,  -639,  -757,   159
5888,  -570,  -726,   562
5898,  -558,  -606,   843
5908,  -528,  -443,   810
5919,  -556,  -251,   622
5929,  -564,  -104,   486
5939,  -522,    -2,   587
5949,  -544,   136,   832
5959,  -562,   197,   972
5969,  -511,   148,   913
5979,  -555,   151,   588
5989,  -601,   137,    16
5999,  -608,   -15,  -516
6009,  -567,  -288,  -787
6019,  -423,  -490,  -749
6028,  -276,  -603,  -468
6038,  -197,  -512,   -56
6048,  -215,  -296,   359
6058,  -289,   -58,   642
6068,  -286,    13,   851
6078,  -272,   -49,  1113
6088,  -309,  -102,  1280
6098,  -396,  -106,  1144
6108,  -457,  -187,   731
6118,  -560,  -278,   133
6128,  -668,  -308,  -473
6138,  -724,  -290,  -920
6148,  -716,  -197, -1171
6158,  -670,     0, -1180
6168,  -655,   226,  -995
6178,  -590,   360,  -743
6188,  -475,   474,  -485
6198,  -312,   558,  -146
6208,  -169,   611,   357
6218,   177,   790,   272
6228,     0,   830,  1403
6239,   111,   668,  1952
6249,   203,   295,  1935
6258,   211,    90,  1392
6269,   237,   -23,   614
6279,   198,   -91,    60
6289,   210,  -133,  -228
6299,   225,  -133,  -166
6309,   208,  -123,    87
6319,   146,   -98,   370
6329,   126,   -10,    71
6339,   127,   -24,    25
6349,   191,   -62,    85
6359,   255,  -105,   102
6369,   301,  -153,   107
6379,   354,  -190,   147
6389,   316,  -200,   155
6399,   240,  -140,    87
6409,   246,  -112,    90
6419,   206,   -58,    64
6429,   198,    20,   -30
6439,   189,    41,   -52
6449,   249,   -24,   -78
6459,   334,  -130,   -48
6469,   365,  -138,   -65
6479,   382,  -156,   -49
6489,   336,  -211,    -2
6499,   287,  -260,    26
6509,   212,  -230,     0
6519,   155,  -130,   -31
6529,   134,   -67,   -53
6539,    96,    45,   -91
6549,   109,    85,  -109
6559,   137,    64,   -99
6568,    96,   108,  -118
6579,    44,   152,  -114
6589,    63,   134,   -62
6598,    87,   100,   -45
6608,   169,    68,   -12
6618,   201,    11,    13
6628,   199,   -22,    44
6638,   192,   -65,    62
6648,   167,   -79,    71
6658,   184,  -147,    58
6669,   155,  -114,    12
6679,   112,   -63,   -39
6689,     1,     6,   -79
6699,   -48,    38,   -70
6709,   -44,    27,   -33
6719,   -24,     6,     9
6729,     7,     0,    20
6739,     5,    27,   -20
6749,     5,    25,   -75
6759,    26,    34,   -91
6769,    50,    27,   -79
6779,    76,    13,   -37
6789,    95,    10,     5
6799,    96,    13,    12
6809,    66,    32,   -19
6819,    71,    28,   -57
6829,    82,    27,   -86
6839,    87,    10,   -65
6849,   112,     2,   -36
6859,   124,   -14,    -1
6869,   120,   -28,    28
6879,   112,   -38,    28
6889,   115,   -18,     0
6899,   123,   -17,   -29
6909,   138,   -29,   -63
6919,   112,   -19,   -82
6929,    93,   -20,   -64
6939,    78,   -16,   -40
6949,    72,   -18,   -12
6959,    62,   -23,   -11
6969,    59,   -11,   -28
6979,    67,    -2,   -47
6989,    73,     8,   -67
6999,    72,    18,   -87
7009,    70,    12,   -84
7019,    75,   -16,   -63
7029,    92,   -52,   -27
7039,    90,   -57,     7
7049,    76,   -44,    12
7059,    65,   -20,    -9
7069,    59,     4,   -41
7080,    70,    -1,   -67
7090,    79,   -16,   -59
7100,    77,   -32,   -46
7109,    74,   -39,   -10
7119,    66,   -35,     2
7129,    47,     0,   -22
7139,    57,    -3,   -63
7149,    63,     1,   -75
7159,    62,     4,   -58
7169,    62,     0,   -14
7179,    60,    -2,     7
7189,    57,    -3,     0
7199,    61,    -5,   -14
7209,    55,    -4,   -47
7219,    46,     2,   -57
7229,    62,    -9,   -47
7239,    17,  -158,    27
7249,    32,    53,    65
7259,    48,    31,    35
7269,    61,    16,   -31
7279,    72,     8,   -32
7289,    77,     6,   -32
7299,    76,    -1,   -53
7309,    71,   -17,   -20
7319,    75,   -18,   -10
7329,    75,   -14,   -28
7339,    65,    -5,   -42
7349,    64,   -15,   -76
7359,    72,   -19,   -87
7369,    74,   -21,   -88
7379,    84,   -23,   -74
7389,    73,   -13,   -54
7399,    74,   -26,   -33
7409,    73,   -53,   -10
7419,    62,   -50,    -7
7429,    49,   -36,   -23
7439,    31,    -1,   -41
7449,    34,     3,   -42
7459,    41,     4,   -37
7469,    52,     7,   -24
7479,    55,     8,   -31
7489,    57,    10,   -37
7499,    55,    17,   -59
7509,    60,    16,   -72
7519,    64,    17,   -60
7529,    59,    21,   -67
7539,    52,    19,   -53
7549,    49,     8,   -55
7559,    43,    -8,   -38
7569,    52,    -7,   -40
7579,    57,     0,   -38
7589,    58,    -2,   -49
7600,    60,   -16,   -62
7610,    59,    -6,   -63
7620,    57,   -13,   -52
7630,    54,    -8,   -40
7640,    54,     3,   -29
7650,    47,    -2,   -26
7660,    53,    -9,   -46
7670,    53,    -9,   -55
7679,    47,     1,   -51
7689,    47,    10,   -42
7699,    48,    14,   -25
7709,    48,     6,   -24
7720,    50,     2,   -33
7730,    50,    -3,   -39
7740,    53,    -2,   -46
7750,    52,     3,   -43
7760,    52,     2,   -39
7770,    49,     3,   -33
7780,    47,     9,   -40
7789,    47,    11,   -46
7800,    48,     9,   -53
7810,    41,     1,   -55
7819,    40,     1,   -44
7829,    38,     3,   -45
7840,    37,    10,   -48
7850,    42,     6,   -50
7860,    41,     7,   -45
7870,    36,     9,   -31
7881,    31,    11,   -11
7892,    29,    11,    -7
7902,    34,    -3,    -4
7912,    41,   -15,   -17
7922,    41,   -11,   -39
7933,    36,    -1,   -61
7943,    38,     1,   -81
7953,    35,     2,   -84
7963,    37,    -2,   -64
7973,    37,    -5,   -46
7982,    38,    -1,   -30
7991,    39,     9,   -34
8000,    36,    11,   -54
8010,    32,     5,   -59
8019,    25,     7,   -62
8030,    33,     8,   -56
8040,    35,    10,   -47
8050,    31,     8,   -46
8060,    29,    16,   -47
8070,    28,    19,   -65
8080,    17,    27,   -81
8090,    12,    16,   -91
8100,     6,    25,   -48
8110,    29,    12,   -13
8120,    47,    -1,     4
8130,    58,   -11,     5
8140,    51,    -2,    -7
8150,    47,     4,   -44
8160,    39,     4,   -75
8170,    25,     8,   -62
8180,    10,    -5,   -59
8190,   -82,  -309,  -155
8200,    54,  -101,   -56
8210,    40,   -59,    -3
8220,    54,   -47,   -25
8230,    51,     8,     0
8240,    50,    35,   -14
8250,    47,     3,   -19
8260,    41,   -18,   -57
8270,    35,   -31,   -45
8280,     8,  -100,   -73
8290,    53,   -32,   -63
8300,    56,    76,   -52
8310,    61,    57,   -25
8320,    61,    26,    14
8330,    74,     6,    19
8340,    35,    12,    -8
8350,    -1,   -15,   -25
8360,   -29,  -439,   -96
8370,    78,  -543,   111
8380,    52,  -829,   101
8390,   221,  -951,    73
8400,   165,  -916,   414
8410,    88,  -820,   640
8420,    26,  -819,   440
8430,   -30,  -863,   -60
8440,    59,  -863,  -368
8450,   179,  -836,   165
8460,   183,  -603,  1349
8470,   143,  -457,  2594
8480,    76,  -521,  3385
8490,   -29,  -701,  3299
8500,  -132,  -840,  2498
8510,  -170, -1127,  1566
8520,  -167, -1519,   818
8530,   -96, -1901,    92
8540,   -37, -2052,  -673
8550,    18, -2014, -1230
8560,    75, -1791, -1319
8570,   126, -1513,  -717
8580,   181, -1224,   351
8590,   199, -1047,  1416
8600,   150, -1070,  1974
8610,    43, -1256,  1602
8620,    61, -1580,   411
8630,   153, -2066,  -843
8640,   184, -2385, -1826
8650,   186, -2479, -2366
8660,   222, -2506, -2212
8670,   189, -2267, -1321
8680,    25, -1706,   -61
8690,  -182,  -950,  1072
8700,  -478,  -280,  1637
8710,  -731,   -43,  1102
8720,  -801,   -87,  -224
8730,  -801,  -544, -1531
8740,  -621, -1147, -2577
8750,  -419, -1559, -3012
8760,  -392, -1562, -2756
8770,  -442, -1158, -2071
8780,  -482,  -637, -1121
8790,  -383,  -130,   -80
8800,  -264,   238,   671
8810,   -73,   161,   553
8820,    83,    30,  -215
8830,   231,  -282,  -801
8840,   346,  -667,  -936
8850,   340,  -725,  -875
8860,   301,  -585,  -742
8870,   226,  -270,  -312
8880,    63,   271,   279
8891,    -6,   712,   578
8900,   -16,   934,   759
8910,     0,   948,   893
8921,    10,   818,   956
8931,    47,   451,   783
8941,   -88,   106,   244
8951,  -291,   203,  -703
8961,  -444,   530, -1447
8971,  -499,   966, -1539
8981,  -517,  1286, -1249
8991,  -372,  1058, -1289
9001,  -211,   632, -1546
9011,  -222,   348, -1785
9021,  -324,   506, -2054
9031,  -531,  1050, -2217
9040,  -605,  1651, -2174
9050,  -556,  2133, -1599
9060,  -336,  2223,  -711
9070,   -78,  1933,  -130
9080,    38,  1687,  -132
9090,   -43,  1701,  -593
9100,  -112,  1741, -1025
9110,   -52,  1622,  -863
9120,   -32,  1708,  -192
9130,   -60,  1990,   597
9140,   -41,  2256,  1115
9150,    89,  2097,  1268
9161,   160,  1771,  1112
9170,   154,  1767,   718
9180,    86,  2012,   520
9190,   -64,  2447,   577
9200,  -164,  2747,   824
9210,  -275,  2922,  1133
9220,  -373,  2964,  1131
9230,  -315,  2788,   863
9241,  -157,  2429,   601
9251,   -49,  2102,   421
9261,    83,  1838,   157
9271,   282,  1474,   136
9281,   400,  1392,   216
9291,   406,  1645,   503
9301,   367,  1880,  1049
9311,   337,  2103,  1425
9321,   407,  2098,  1545
9331,   572,  1642,  1626
9341,   822,   898,  1565
9351,  1065,    93,  1351
9361,  1017,  -222,   964
9371,   785,   -54,   357
9381,   475,   367,  -154
9391,   134,   829,  -328
9401,  -126,  1149,  -265
9411,  -268,  1162,  -153
9421,  -273,   763,  -122
9431,  -207,   206,  -215
9441,  -103,  -286,  -288
9451,    28,  -792,  -217
9461,    96, -1147,    35
9471,    55, -1138,   279
9481,   -89,  -824,   438
9490,  -247,  -411,   364
9500,  -309,  -265,   105
9510,  -376,  -246,  -200
9519,  -365,  -228,  -515
9530,  -215,  -184,  -815
9540,  -127,   -60,  -546
9550,  -112,   125,   168
9560,   -59,   260,   796
9570,   -54,   399,  1165
9580,   -21,   383,  1143
9591,     6,   210,   802
9601,    62,   -90,   290
9615,    81,  -337,  -178
9624,    67,  -393,  -452
9633,    57,  -385,  -485
9642,    60,  -325,  -408
9651,    71,  -285,  -326
9661,    73,  -328,  -288
9671,    53,  -274,  -288
9681,    16,  -125,   -46
9691,    12,     5,   446
9701,   -42,   213,   320
9711,   -61,   230,   159
9721,   -69,   214,    89
9731,   -24,   145,    45
9741,    15,    47,    -1
9751,    39,   -34,    -1
9761,    45,   -82,    -4
9771,    44,  -144,    -8
9781,    29,  -162,     7
9792,    20,  -182,   -16
9801,     5,  -203,   -23
9811,   -27,  -151,   -34
9821,  -133,    13,   -89
9832,   -61,   -91,   -46
9841,   -84,  -162,   -71
9853,   -46,  -299,   -63
9862,   -54,  -345,   -51
9871,   -44,  -460,   -60
9881,   -34,  -480,   -56
9891,     6,  -493,   -14
9901,    -7,  -434,   -75
9911,     0,  -366,   -88
9921,   -33,  -194,   -86
9931,   -73,   -13,   -42
9941,   -66,    18,    -3
9951,   -83,    76,     3
9961,   -55,     4,   -16
9971,   -61,    35,   -24
9981,   -26,   -32,   -64
9991,    34,  -169,   -72
10001,    87,  -292,   -68
10011,   117,  -332,   -97
10021,   109,  -325,   -62
10031,    92,  -324,   -67
10041,    29,  -164,   -68
10051,   -15,    57,   -88
10061,   -11,   113,   -46
10071,     9,   106,   -54
10081,    35,    38,   -57
10091,    58,    77,   -28
10101,    96,    89,   -12
10111,   128,     3,   -25
10121,   130,    47,   -48
10131,   112,   172,   -48
10141,    94,   310,   -38
10151,   108,   355,   -43
10161,   119,   316,   -44
10171,   107,   209,   -45
10181,   101,   148,   -31
10192,    86,   114,   -21
10201,    61,    46,   -30
10211,    44,   -19,   -46
10222,    25,   -61,   -66
10232,     2,   -81,   -70
10242,    -8,   -76,   -72
10252,   -22,   -73,   -74
10262,   -29,   -81,   -73
10272,   -34,   -76,   -58
10282,   -18,   -76,   -32
10292,   -18,   -97,    -4
10302,   -18,  -114,    10
10312,   -21,  -114,     3
10322,   -12,  -100,   -21
10332,    -5,   -83,   -61
10342,     3,   -80,   -97
10352,    11,   -77,  -106
10362,    17,   -58,   -79
10372,    15,   -53,   -51
10382,    17,   -47,   -19
10391,    10,   -66,   -17
10402,     0,   -90,   -25
10411,    -3,   -95,   -38
10421,     2,   -93,   -52
10432,     8,   -95,   -70
10442,     2,  -102,   -75
10451,    -2,  -103,   -70
10462,    -7,   -89,   -59
10472,    -7,   -67,   -39
10482,    -5,   -57,   -22
10492,    -6,   -62,    -5
10502,    -3,   -77,    -1
10512,    -4,   -90,   -16
10522,    -8,   -81,   -45
10532,   -16,   -87,   -81
10542,   -19,   -73,   -80
10552,   -11,   -65,   -68
10562,    -3,   -64,   -61
10572,     0,   -55,   -37
10581,     6,   -53,   -20
10591,     5,   -53,   -13
10601,     1,   -67,   -38
10611,     0,   -72,   -63
10621,     3,   -68,   -69
10631,     0,   -73,   -78
10641,    -1,   -78,   -76
10651,    -2,   -78,   -77
10661,     3,   -71,   -71
10671,     2,   -51,   -56
10682,     0,   -47,   -41
10692,    -2,   -62,   -32
10702,    -4,   -67,   -26
10712,    -5,   -66,   -25
10722,    -4,   -68,   -29
10732,     0,   -67,   -43
10742,     7,   -69,   -67
10752,     9,   -64,   -80
10762,    11,   -54,   -77
10772,    14,   -53,   -65
10782,    14,   -63,   -39
10792,     6,   -56,   -15
10802,     0,   -52,     2
10812,    -4,   -61,     1
10822,    -1,   -68,   -11
10832,     2,   -72,   -46
10842,     8,   -69,   -82
10852,    10,   -49,   -90
10862,     9,   -42,   -97
10872,     8,   -47,   -90
10882,     3,   -55,   -56
10892,     2,   -57,   -25
10902,    -1,   -69,   -12
10912,    -9,   -69,   -14
10922,    -8,   -67,   -37
10932,    -6,   -69,   -68
10942,    -2,   -58,   -82
10952,     1,   -51,   -77
10962,     4,   -54,   -59
10971,     6,   -44,   -28
10981,     2,   -53,   -13
10992,     1,   -62,   -10
11002,    -5,   -66,   -17
11012,    -8,   -76,   -32
11021,    -9,   -57,   -39
11031,    -6,   -51,   -50
11041,    -3,   -43,   -67
11052,     1,   -31,   -74
11061,     4,   -33,   -75
11072,     3,   -49,   -65
11082,     5,   -55,   -55
11093,     1,   -61,   -33
11102,    -6,   -65,   -16
11112,    -6,   -71,   -18
11122,    -1,   -75,   -37
11132,     3,   -70,   -61
11142,     4,   -64,   -85
11152,     4,   -53,   -95
11162,     0,   -48,   -80
11172,    -2,   -44,   -44
11182,     0,   -36,    -8
11192,     2,   -48,    -8
11202,     3,   -68,   -31
11212,     3,   -64,   -54
11222,     0,   -45,   -81
11232,     3,   -34,   -83
11242,    11,   -30,   -69
11252,    11,   -38,   -53
11262,     8,   -41,   -39
11272,     2,   -41,   -33
11282,    -1,   -48,   -32
11293,    -3,   -51,   -22
11304,    -2,   -44,   -10
11314,     0,   -50,   -15
11324,     0,   -50,   -25
11335,    -1,   -40,   -53
11345,    -6,   -33,   -72
11355,     1,   -18,   -73
11366,     3,   -18,   -50
11377,     3,   -40,   -21
11387,     5,   -62,   -14
11397,     7,   -60,   -41
11406,     8,   -49,   -64
11415,     8,   -36,   -87
11424,     6,   -32,   -85
11433,     6,   -18,   -57
11442,     7,   -13,   -14
11452,     4,    -5,    23
11462,     9,    -6,    27
11472,    12,   -32,    -9
11482,     7,   -47,   -58
11492,     6,   -68,  -113
11502,     4,   -81,  -140
11512,     3,   -72,  -130
11522,     0,   -69,   -99
11532,    -2,   -53,   -49
11542,    17,  -291,     0
11552,    -8,  -200,   -17
11563,   -13,  -122,     6
11573,   -21,   -55,   -17
11583,   -19,   -87,   -26
11593,   -16,   -65,   -35
11603,    -5,   -24,   -40
11613,     2,    37,   -27
11623,    15,    97,   -35
11633,    16,    90,   -55
11643,    20,    71,   -60
11653,    26,    23,   -56
11663,    26,     1,   -41
11673,    15,    -2,   -26
11683,     5,    -1,   -11
11693,    -2,   -10,    -6
11703,   -16,   -31,   -11
11713,   -24,  -167,   -36
11723,   -29,  -307,   -70
11732,   -72,  -296,   -77
11742,   -81,  -244,   -40
11752,  -102,  -262,   -10
11762,  -112,  -320,   -18
11772,  -125,  -369,   106
11782,  -135,  -353,   404
11792,  -174,  -337,   724
11802,  -463,   -81,   743
11812,  -479,   -84,   516
11822,  -566,  -311,   742
11832,  -689,  -316,   925
11842,  -811,  -226,   991
11852, -1003,   -95,  1067
11863, -1223,   134,  1182
11872, -1369,   139,  1344
11883, -1546,   250,  1350
11893, -1666,   313,  1225
11903, -1753,   363,  1088
11913, -1807,   380,  1106
11923, -1857,   356,  1240
11933, -1925,   315,  1289
11943, -1984,   220,  1185
11953, -2033,   114,   967
11963, -2120,   102,   750
11973, -2174,   132,   611
11983, -2225,   239,   606
11993, -2298,   483,   625
12003, -2295,   516,   420
12013, -2157,   330,    54
12023, -1947,    10,  -165
12033, -1748,  -343,  -193
12043, -1543,  -678,  -299
12053, -1355,  -870,  -503
12063, -1231,  -832,  -660
12072, -1123,  -652,  -667
12082, -1044,  -401,  -483
12092, -1018,   -87,  -253
12102,  -977,   211,  -264
12112,  -888,   333,  -450
12122,  -811,   456,  -707
12132,  -621,   307,  -796
12142,  -439,    27,  -738
12152,  -293,  -255,  -779
12163,  -242,  -332,  -884
12173,  -272,  -159,  -916
12183,  -306,   108,  -668
12193,  -369,   286,  -295
12203,  -393,   257,  -137
12213,  -352,   128,  -305
12223,  -270,   -10,  -575
12233,  -128,  -280,  -691
12243,   -32,  -529,  -618
12253,   -47,  -520,  -693
12263,   -96,  -371,  -868
12273,  -335,    69, -1155
12283,  -440,   389, -1657
12293,  -315,   303, -1954
12303,  -118,   -17, -1765
12313,   122,  -353, -1322
12323,   298,  -540,  -902
12333,   381,  -519,  -664
12343,   367,  -321,  -545
12353,   300,   -11,  -641
12363,   237,   196,  -931
12373,   194,   267, -1343
12383,   300,   125, -1673
12393,   482,  -162, -1639
12403,   622,  -425, -1283
12413,   728,  -569,  -973
12423,   815,  -613,  -853
12433,   928,  -630,  -815
12443,   999,  -664,  -732
12453,  1068,  -726,  -748
12463,  1198,  -837,  -823
12473,  1245,  -853,  -895
12483,  1262,  -731, -1201
12493,  1358,  -676, -1500
12503,  1521,  -689, -1384
12513,  1713,  -790,  -854
12523,  1921,  -877,  -170
12533,  2028,  -871,   368
12544,  2031,  -708,   560
12554,  1961,  -377,   296
12564,  1884,   122,  -177
12574,  1886,   430,  -489
12584,  1869,   618,  -379
12594,  1885,   619,  -131
12604,  1951,   538,   125
12615,  1982,   403,   324
12624,  2026,   232,   431
12633,  1990,   126,   498
12643,  1858,   245,   339
12653,  1725,   496,   -77
12663,  1590,   774,  -391
12673,  1483,   958,  -319
12683,  1438,  1025,   130
12693,  1455,   974,   789
12703,  1440,   977,  1457
12713,  1450,   774,  1639
12723,  1433,   535,  1449
12734,  1416,   195,   928
12744,  1435,  -107,   379
12754,  1641,  -493,   328
12764,  1789,  -962,   767
12774,  1810, -1005,  1068
12784,  1863,  -969,  1249
12794,  1792,  -780,  1446
12804,  1772,  -607,  1471
12814,  1566,  -252,  1409
12824,  1417,   -45,  1175
12833,  1400,  -241,  1005
12843,  1347,  -461,   913
12853,  1234,  -568,   783
12863,  1102,  -584,   655
12873,   909,  -459,   567
12883,   653,  -221,   379
12893,   420,     6,    87
12903,   291,    21,  -178
12913,   228,   -77,  -442
12923,   164,  -168,  -568
12933,   129,  -273,  -496
12943,    83,  -314,  -333
12953,    23,  -271,  -198
12963,   -54,  -165,   -84
12973,  -194,     9,    24
12983,  -299,   156,    44
12994,  -442,   342,   -53
13004,  -600,   572,  -312
13015,  -704,   703,  -598
13025,  -752,   660,  -672
13035,  -736,   507,  -581
13045,  -709,   344,  -499
13055,  -627,   123,  -375
13066,  -531,   -86,  -194
13076,  -496,  -122,  -128
13086,  -399,  -176,   -86
13096,  -392,  -188,    19
13107,  -444,   -55,   -83
13116,  -388,   -45,  -220
13125,  -377,   -87,  -206
13134,  -269,  -187,  -270
13144,  -164,  -279,  -271
13154,  -147,  -309,   -68
13164,  -137,  -312,    48
13174,  -126,  -310,    61
13184,  -128,  -307,    38
13194,  -124,  -272,    32
13204,  -126,  -167,   154
13214,  -129,   -28,   272
13224,  -152,    17,   314
13234,  -154,    20,   233
13244,  -152,     6,   137
13253,  -141,   -19,    28
13263,  -114,   -42,   -75
13273,  -112,   -67,    99
13283,   -86,   -23,    72
13293,  -111,    52,   104
13303,  -115,    51,    75
13313,  -125,    31,    47
13323,  -122,    24,    16
13333,  -116,     9,   -15
13343,  -110,     0,   -35
13354,  -112,    -7,   -41
13364,  -111,    -5,   -38
13374,  -110,    -3,   -34
13384,  -111,    -1,   -27
13394,  -107,     4,   -24
13404,  -111,     0,   -36
13414,  -104,    -6,   -42
13424,   -98,   -10,   -43
13434,   -98,   -11,   -53
13444,  -101,   -15,   -51
13454,  -100,   -16,   -58
13464,  -102,   -18,   -60
13474,   -98,   -18,   -54
13484,   -93,    -9,   -49
13494,   -93,    -4,   -42
13504,   -94,   -14,   -48
13514,   -97,   -20,   -62
13524,   -95,    -9,   -77
13534,   -98,     3,   -73
13544,  -100,    -6,   -67
13554,  -109,   -18,   -38
13564,  -112,   -17,   -36
13574,  -113,   -18,   -32
13584,  -107,   -19,   -47
13594,  -102,    -8,   -59
13603,   -95,   -13,   -67
13614,   -88,    -6,   -63
13624,   -85,     8,   -45
13634,   -88,     8,   -35
13644,   -91,    -4,   -40
13654,   -91,   -17,   -56
13664,   -85,   -22,   -66
13674,   -87,   -26,   -73
13684,   -79,   -24,   -68
13694,   -75,     4,   -55
13704,   -79,     9,   -49
13714,   -85,     0,   -45
13724,   -82,    -3,   -48
13734,   -80,    -2,   -44
13744,   -79,     4,   -46
13754,   -77,    11,   -49
13764,   -81,    -3,   -53
13774,   -83,   -17,   -59
13784,   -86,   -29,   -69
13794,   -78,   -11,   -74
13804,   -72,     3,   -72
13814,   -69,     5,   -68
13824,   -67,     5,   -62
13834,   -71,    -3,   -45
13844,   -81,   -15,   -24
13854,   -87,   -20,   -25
13864,   -88,   -26,   -30
13874,   -86,   -28,   -51
13884,   -77,   -17,   -60
13894,   -75,    -9,   -51
13905,   -70,     1,   -37
13915,   -71,     3,   -26
13925,   -69,     3,   -26
13935,   -70,     0,   -40
13948,   -71,   -12,   -59
13957,   -77,   -20,   -72
13966,   -73,   -13,   -70
13975,   -69,    -3,   -62
13984,   -68,     4,   -63
13994,   -57,    -2,   -75
14004,   -52,     0,   -81
14014,   -50,     6,   -82
14026,   -48,    11,   -65
14036,   -56,     4,   -43
14046,   -63,     9,   -28
14057,   -62,    20,   -14
14067,   -61,    23,   -22
14077,   -58,    18,   -38
14087,   -62,     7,   -50
14098,   -52,    -1,   -68
14108,   -53,   -15,   -74
14117,   -54,   -29,   -73
14126,   -55,   -23,   -73
14135,   -53,   -12,   -73
14144,   -53,     6,   -68
14154,   -60,    15,   -45
14164,   -60,    17,   -17
14174,   -64,    26,    -2
14184,   -59,    28,    -5
14194,   -50,    19,   -35
14204,   -51,    11,   -66
14214,   -48,    -1,   -93
14225,   -51,    -4,  -107
14235,   -49,    -2,   -97
14246,   -46,   -11,   -85
14256,   -53,   -24,   -71
14266,   -47,   -28,   -69
14276,   -49,   -30,   -68
14286,   -49,   -34,   -72
14297,   -46,   -32,   -82
14307,   -50,   -32,   -75
14317,   -50,   -20,   -51
14327,   -46,    -4,   -27
14336,   -43,    12,   -15
14345,   -42,    11,     0
14355,   -45,    -8,     4
14364,   -45,   -23,    -6
14374,   -42,   -30,   -41
14384,   -44,   -35,   -76
14394,   -47,   -25,   -73
14404,   -50,     3,   -53
14414,   -49,    12,   -42
14425,   -47,     8,   -38
14435,   -44,     5,   -42
14446,   -45,     0,   -55
14456,   -45,    -4,   -72
14466,   -45,    -1,   -83
14476,   -44,     2,   -88
14486,   -39,     4,   -83
14497,   -27,    13,   -71
14507,   -27,    10,   -60
14517,   -33,     2,   -54
14526,   -36,   -13,   -37
14535,   -40,   -22,   -24
14544,    -4,   117,   -16
14555,   -21,   143,   -13
14565,   -38,    76,   -32
14574,   -52,   -32,   -55
14585,   -67,  -101,   -67
14595,   -63,   -82,   -65
14605,   -50,   -55,   -68
14615,   -44,   -37,   -64
14626,   -44,   -38,   -79
14636,   -46,   -46,   -95
14646,   -44,   -65,  -105
14656,   -40,   -60,  -104
14667,   -30,   -39,   -88
14677,   -21,   -17,   -64
14687,   -23,    -5,   -54
14697,   -28,    -4,   -50
14708,   -28,    -3,   -54
14718,   -27,    -8,   -53
14727,   -14,   143,   -32
14736,   -29,    32,   -17
14745,   -38,   -66,   -17
14755,   -40,   -57,   -15
14764,   -42,   -29,   -32
14774,   -38,   -16,   -49
14784,   -35,   -23,   -70
14794,   -29,    -8,   -76
14804,   -30,   -13,   -76
14814,   -33,   -24,   -71
14824,   -31,   -26,   -66
14835,   -25,   -33,   -70
14845,   -21,   -41,   -74
14855,   -16,   -38,   -80
14865,    -8,   -40,   -83
14875,    -3,   150,   -51
14885,     0,   122,   -47
14895,    -2,    70,   -44
14905,    -5,    77,   -47
14915,   -12,    90,   -35
14926,   -16,   123,   -36
14936,   -34,    77,   -31
14946,   -53,    -3,   -14
14956,   -58,   -94,   -12
14967,   -58,  -177,   -20
14977,   -51,  -145,   -29
14987,   -47,  -107,   -42
14998,   -36,   -69,   -54
15008,   -32,   -46,   -65
15018,   -29,   -30,   -65
15028,   -29,   -14,   -63
15037,   -34,   -10,   -68
15046,   -35,   -16,   -75
15055,   -34,    -9,   -77
15065,   -28,    -6,   -77
15075,   -23,   -12,   -72
15085,   -27,   -13,   -61
15095,   -22,    -1,   -44
15105,   -22,     0,   -42
15115,   -25,     2,   -46
15125,   -28,     5,   -48
15136,   -30,    15,   -43
15147,   -30,    14,   -37
15157,   -34,    19,   -38
15167,   -33,    25,   -42
15178,   -31,    20,   -52
15188,   -29,    19,   -61
15198,   -25,    16,   -63
15208,   -26,    10,   -60
15218,   -31,     3,   -57
15229,   -30,     0,   -58
15239,   -25,     0,   -52
15249,   -21,     7,   -47
15259,   -19,     5,   -44
15270,   -17,     9,   -53
15280,   -19,     8,   -54
15290,   -24,    14,   -65
15300,   -22,     2,   -84
15311,   -21,    -7,   -83
15321,   -19,   -22,   -80
15331,   -20,   -28,   -64
15340,   -20,   -16,   -52
15349,   -22,   -14,   -44
15358,   -21,    -4,   -37
15367,   -19,    11,   -39
15376,   -17,    17,   -44
15385,   -14,    14,   -48
15395,   -15,     3,   -51
15405,   -23,   -14,   -50
15415,   -24,   -18,   -45
15425,   -29,   -20,   -43
15435,   -28,   -18,   -43
15445,   -23,   -16,   -47
15455,   -24,    -9,   -61
15465,   -19,    -1,   -76
15475,   -18,    -7,   -74
15485,   -18,   -27,   -69
15495,   -12,   -24,   -56
15505,   -23,   -52,   -47
15515,   -25,   -81,   -43
15525,   -19,   -24,   -40
15535,   -17,     7,   -40
15545,    -9,    35,   -38
15555,    -6,    29,   -37
15565,   -10,    23,   -43
15575,   -12,    20,   -53
15585,   -14,    21,   -67
15595,   -10,    18,   -72
15605,   -11,    11,   -72
15615,    -7,     5,   -64
15625,    -7,     4,   -47
15635,   -10,     2,   -38
15645,    -7,    13,   -36
15655,    -7,    22,   -36
15665,    -8,    31,   -42
15675,   -14,    39,   -38
15685,   -19,    49,   -34
15695,   -19,    48,   -32
15705,   -19,    39,   -25
15715,   -20,    25,   -26
15725,   -19,    10,   -45
15735,   -19,     0,   -65
15745,   -17,   -10,   -85
15755,   -17,   -20,   -93
15766,   -15,   -12,   -93
15775,   -12,    -3,   -92
15785,   -15,     1,   -85
15796,   -18,     1,   -81
15805,   -13,     4,   -63
15815,    -5,    18,   -57
15825,   -15,     7,   -33
15836,   -21,    20,   -31
15846,   -24,    38,   -16
15857,   -15,   -62,   -29
15867,   -19,  -116,   -20
15877,   -22,   -84,   -38
15889,   -25,   -62,   -49
15899,   -28,   -52,   -64
15909,   -18,   -24,   -69
15920,   -11,     1,   -48
15930,    -4,    13,   -48
15940,    -6,    -4,   -63
15948,    -2,    12,   -60
15957,     0,    30,   -58
15967,    -4,    40,   -50
15976,    -5,    13,   -52
15986,    -4,    28,   -45
15996,    -1,    47,   -39
16006,     0,    30,   -40
16016,    -1,    10,   -45
16026,    -1,    11,   -54
16036,    -5,     2,   -56
16047,    -8,    31,   -53
16057,    -5,    32,   -46
16067,    -3,    38,   -51
16078,    -2,    31,   -53
16088,    -1,    22,   -49
16098,    -7,    18,   -44
16109,    -7,    17,   -29
16119,    -9,     9,   -31
16129,   -12,     0,   -32
16140,   -11,     5,   -45
16149,   -13,    -4,   -58
16158,   -12,    -8,   -63
16167,   -10,    -9,   -52
16176,   -13,     1,   -40
16186,   -19,    38,    -3
16196,   -19,    54,     0
16206,   -27,    28,   -25
16216,   -29,     8,   -47
16226,   -26,    -2,   -59
16236,   -18,    -4,   -51
16247,   -14,    -9,   -44
16258,   -14,    -9,   -46
16268,   -12,    -6,   -49
16278,   -11,     1,   -55
16288,    -5,     8,   -58
16298,    -8,     9,   -50
16309,    -7,    13,   -44
16319,    -7,    11,   -39
16329,    -8,    -2,   -52
16339,    -8,   -13,   -61
16348,    -3,   -20,   -67
16357,     4,   -29,   -59
16366,    -4,   -30,   -43
16376,    -7,   -20,   -27
16386,    -9,   -16,   -22
16396,    -6,    -1,   -30
16406,    -6,    -2,   -38
16416,    -6,    -2,   -55
16426,    -3,     1,   -63
16436,    -4,   -10,   -55
16447,    -8,   -25,   -50
16457,    -7,   -27,   -50
16467,    -3,   -20,   -57
16478,    -3,    -3,   -59
16488,    -1,     6,   -61
16498,    -2,    24,   -60
16508,    -2,    21,   -55
16519,    -2,    22,   -36
16529,    -3,    11,   -36
16539,    -8,   -19,   -56
16548,    -4,   -28,   -72
16557,     4,   -59,   -83
16566,     5,   -58,   -75
16576,     0,   -54,   -63
16586,    -3,   -47,   -57
16596,    -5,   -18,   -49
16606,   -10,    -1,   -46
