time,accx,accy,accz
5,   -30,    14,    92
10,   -41,    64,    30
14,    -6,    10,    46
19,     7,    -2,    24
24,   -32,    -4,    59
29,   -43,    12,    65
33,   -23,    13,    85
38,   -37,     0,   134
43,   -34,   -16,   118
48,   -15,   -36,   117
52,    -6,   -73,   119
57,    -9,   -64,   100
62,   -21,   -21,    68
67,   -52,    -6,    91
72,   -64,    56,    83
76,  -139,   162,    97
81,  -205,   238,    34
86,  -114,   182,   -12
91,   -32,   102,    25
95,   -74,    63,    66
100,   -66,    89,   288
105,   -48,   162,   184
110,    95,   150,    97
114,   170,    70,    86
119,   167,    -4,   110
124,   152,  -224,    48
129,    11,  -266,  -109
134,    51,  -312,  -625
138,   112,  -251,  -253
143,   -92,  -217,   361
148,   -66,   -64,   317
153,   -15,    84,   -48
157,   -62,    85,    13
162,   -79,    33,   159
171,   -22,    31,    81
182,   -20,    30,    49
192,   -47,    19,    70
201,    -7,    -4,    21
211,    33,   -55,     0
222,    18,   -76,    41
231,     0,   -56,    49
242,    -4,   -14,    33
251,   -11,    24,    61
261,   -20,    32,    73
272,   -14,    23,    44
281,   -10,     3,    48
292,    -1,   -21,    70
301,     0,   -28,    55
312,    -4,   -21,    46
322,   -10,   -14,    54
331,    -9,    -6,    59
342,    -7,    -1,    62
352,    -8,    -1,    63
361,    -9,     4,    65
372,    -6,    -1,    63
381,    -4,   -14,    53
392,    -2,   -23,    46
402,    -5,   -24,    48
412,    -9,   -16,    61
422,   -14,    -8,    59
432,   -12,   -10,    58
442,    -9,   -14,    55
452,   -10,   -18,    55
461,   -11,   -19,    57
472,    -6,   -17,    51
482,    -7,   -18,    54
491,    -6,   -17,    56
502,    -8,   -13,    52
512,    -9,   -15,    58
522,    -8,   -15,    61
532,    -3,   -12,    61
541,    -5,   -16,    62
552,    -5,   -19,    67
562,   -10,   -16,    67
572,    -9,   -14,    66
582,    -6,    -9,    61
592,    -8,    -6,    64
602,    -3,    -9,    59
612,    -3,    -8,    64
622,    -2,    -9,    63
632,    -8,    -7,    64
646,   -11,    -5,    62
656,   -15,     0,    54
666,   -13,     0,    55
676,    -9,     2,    51
686,   -10,     1,    51
697,    -7,    -2,    58
706,    -3,    -5,    64
716,    -7,    -6,    64
726,    -5,    -8,    61
736,    -8,    -9,    61
746,    -6,   -10,    60
756,   -10,   -12,    60
766,   -12,   -10,    52
776,    -9,    -9,    51
785,    -4,    -9,    52
796,    -8,    -9,    51
806,   -12,    -5,    56
816,   -11,    -6,    53
826,    -9,    -3,    46
836,   -11,    -2,    40
847,   -12,    -3,    46
857,    -8,    -2,    47
868,    -9,    -3,    54
878,    -8,    -1,    54
888,   -13,    -1,    51
898,   -13,    -6,    53
909,   -11,   -10,    47
919,   -11,   -14,    56
929,   -11,   -16,    52
939,    -8,   -13,    57
948,    -5,   -12,    53
957,    -1,   -12,    48
966,    -5,    -9,    49
976,    -1,   -11,    51
986,    -3,   -10,    51
996,    -2,    -9,    52
1006,    -4,   -12,    56
1016,    -4,   -14,    54
1026,    -6,   -10,    54
1036,    -3,   -10,    53
1047,     0,   -10,    56
1057,    -1,    -5,    59
1068,     3,    -4,    57
1078,     9,    -7,    62
1088,     4,    -3,    60
1098,     4,    -6,    54
1109,     3,   -10,    56
1119,     1,    -7,    61
1129,    -4,    -8,    52
1139,    -6,   -11,    51
1148,    -3,   -12,    50
1157,    -5,   -14,    51
1166,    -2,    -9,    50
1176,     0,    -5,    47
1186,    -1,    -4,    54
1196,     0,    -5,    50
1206,    -1,    -5,    51
1216,    -2,    -3,    52
1226,    -5,    -2,    52
1236,    -3,    -1,    48
1248,    -5,    -3,    55
1258,    -5,     0,    51
1268,    -4,    -2,    56
1278,    -6,    -9,    55
1289,   -12,    -8,    54
1299,   -10,    -5,    57
1309,    -9,    -1,    55
1319,    -6,    -3,    53
1330,    -8,     0,    49
1340,    -6,     1,    55
1349,     0,     3,    62
1358,     0,     4,    63
1367,     1,     8,    58
1377,     2,     7,    56
1387,     0,     7,    53
1397,     3,     0,    56
1407,     3,     3,    55
1417,    -2,    -3,    50
1427,    -1,   -11,    53
1437,    -4,   -11,    55
1448,    -6,   -12,    48
1458,    -4,   -15,    41
1468,    -6,   -16,    45
1479,    -5,   -12,    45
1489,    -7,   -14,    53
1499,    -6,   -16,    53
1510,    -2,   -12,    54
1520,    -2,   -10,    54
1530,    -1,   -14,    56
1540,    -5,   -11,    56
1547,    -6,    -9,    55
1555,    -5,   -10,    55
1565,    -6,   -10,    56
1575,    -4,    -7,    63
1585,    -7,    -5,    59
1595,    -6,    -5,    57
1605,    -8,   -10,    53
1615,    -6,    -8,    45
1625,    -6,    -6,    45
1635,    -2,    -6,    54
1647,    -1,    -7,    55
1657,    -5,    -2,    57
1666,    -3,     0,    55
1681,     0,    -3,    49
1690,     1,    -1,    54
1699,     0,    -6,    58
1708,    -2,    -9,    57
1717,     0,    -4,    63
1727,     0,    -4,    53
1737,    -3,    -8,    49
1748,    -2,    -6,    49
1758,    -4,    -7,    55
1768,    -7,    -3,    61
1779,    -7,    -3,    60
1789,    -3,    -6,    54
1799,    -5,    -7,    59
1809,    -6,   -14,    66
1820,   -10,   -13,    60
1830,   -14,   -13,    56
1840,    -9,   -12,    55
1849,   -10,    -8,    52
1858,    -8,   -10,    57
1867,    -5,   -11,    65
1877,    -8,   -14,    72
1887,    -5,    -9,    69
1897,    -6,    -2,    62
1907,    -9,    -2,    66
1917,   -10,    -5,    75
1927,    -9,    -7,    83
1937,    -5,    -7,    77
1948,    -5,    -5,    62
1958,    -2,    -5,    54
1968,     2,    -7,    52
1979,     2,    -5,    55
1989,     0,    -9,    52
1999,    -3,   -13,    54
2009,    -6,    -7,    50
2020,    -6,    -7,    47
2030,    -5,    -6,    48
2040,    -2,    -4,    52
2049,    -2,    -4,    50
2058,    -4,    -1,    51
2067,    -5,    -1,    55
2077,    -1,    -4,    53
2087,     0,    -8,    50
2097,     4,    -8,    40
2107,     3,    -7,    40
2117,     1,    -9,    41
2127,     1,   -10,    32
2137,     3,   -10,    31
2148,     3,    -7,    34
2158,    10,    32,     8
2169,    -1,    55,    36
2179,   -18,    65,    69
2189,   -26,    60,    61
2199,   -34,    32,    75
2210,   -59,    -2,   125
2220,   -46,   -24,   107
2230,   -19,   -37,    38
2240,   -13,   -49,    39
2250,   -19,   -52,    54
2259,   -23,   -36,    32
2268,   -17,   -37,    30
2277,   -25,   -37,    13
2287,   -42,   -35,     6
2297,   -28,    -5,    45
2307,    19,    -1,    -7
2317,    17,     1,    21
2327,     4,    -2,    70
2337,    18,     0,    25
2347,    34,    11,    -4
2358,    23,    18,    37
2369,     8,    21,    70
2379,    -2,    29,    57
2389,    -8,     8,    62
2399,    -7,   -17,    81
2410,    -3,   -16,    72
2420,     0,   -27,    90
2430,    -3,   -35,    87
2441,    -9,   -55,    81
2451,    -4,   -54,    74
2459,     7,   -37,    44
2467,    11,   -25,    44
2476,    10,   -14,    51
2486,    13,    -5,    51
2496,     7,    -1,    52
2507,    -1,     9,    55
2517,     0,    12,    50
2527,     7,    36,    29
2536,    10,    22,    52
2546,    20,    17,    64
2558,    27,    25,    55
2569,    28,    59,    62
2579,    35,   104,    83
2589,    28,   154,   112
2599,    16,   174,   126
2609,    28,   175,   144
2620,    41,   117,   135
2630,    63,    69,   134
2640,    79,     0,    89
2650,    78,   -84,    23
2659,    62,   -85,   -26
2668,    51,   -24,    -9
2677,    44,    11,    49
2688,    88,   -32,   141
2697,   194,   -61,   237
2708,   299,   -43,   431
2718,   343,   -69,   741
2728,   342,   -64,  1057
2738,   325,   -58,  1310
2748,   251,   -57,  1477
2758,   165,    19,  1528
2768,   117,   106,  1448
2778,    89,   120,  1241
2788,   125,    72,   973
2798,   197,    35,   755
2808,   231,     0,   653
2818,   269,   -38,   608
2828,   310,   -29,   605
2838,   377,   -16,   607
2848,   444,   -79,   631
2858,   485,  -150,   654
2868,   494,  -185,   619
2878,   473,  -151,   531
2888,   452,   -62,   431
2898,   455,     1,   370
2908,   465,   -13,   334
2918,   460,   -43,   301
2928,   470,    34,   259
2938,   478,   119,   235
2948,   482,    96,   262
2959,   496,     6,   292
2969,   501,   -91,   304
2979,   484,  -171,   285
2990,   440,  -174,   210
3000,   372,   -89,    50
3010,   297,    31,  -137
3020,   247,    75,  -307
3030,   239,    18,  -408
3041,   264,   -70,  -438
3051,   256,  -139,  -448
3060,   208,  -121,  -463
3069,   168,   -60,  -506
3078,   147,   -25,  -555
3088,   149,   -87,  -599
3098,   199,  -107,  -627
3108,   241,   -68,  -602
3118,   255,   -85,  -514
3128,   246,  -160,  -407
3138,   236,  -220,  -349
3148,   250,  -204,  -345
3159,   282,   -92,  -351
3169,   314,    68,  -323
3179,   328,   130,  -234
3189,   342,    64,  -129
3200,   341,    42,   -84
3210,   333,    28,  -113
3220,   333,    -6,  -170
3230,   320,     8,  -221
3241,   304,    74,  -248
3251,   300,   189,  -214
3260,   295,   228,  -122
3269,   295,   210,   -45
3279,   287,   191,     0
3289,   254,   111,     1
3299,   214,    29,   -57
3308,   164,    37,  -193
3318,   120,   103,  -366
3328,    60,   141,  -506
3338,     0,   215,  -620
3348,   -56,   311,  -689
3358,   -77,   301,  -713
3367,   -45,   202,  -672
3377,    -3,    60,  -567
3387,    45,   -87,  -429
3397,    65,  -127,  -292
3407,    74,   -67,  -196
3417,    99,   -84,  -141
3428,   147,  -242,   -98
3438,   156,  -221,   -68
3447,   147,  -139,   -64
3457,   140,  -136,   -37
3467,   125,  -161,   -24
3477,   100,  -111,   -55
3487,    59,   -42,  -127
3497,    42,     4,  -207
3507,    59,    45,  -260
3517,    60,    39,  -251
3528,    27,   -28,  -196
3538,   -20,   -60,  -187
3547,   -73,    -4,  -244
3557,  -122,    24,  -297
3567,  -154,   -18,  -320
3578,  -159,   -34,  -330
3588,  -181,   -93,  -319
3598,  -235,  -231,  -323
3607,  -317,  -336,  -416
3617,  -423,  -328,  -606
3627,  -497,  -259,  -836
3638,  -505,  -230,  -958
3648,  -468,  -212,  -945
3657,  -417,  -105,  -830
3667,  -382,    90,  -650
3677,  -354,   251,  -475
3686,  -314,   276,  -314
3697,  -278,   191,  -218
3707,  -222,   136,  -185
3717,  -191,   148,   -88
3727,  -198,   183,    13
3737,  -215,   145,   134
3747,  -249,    38,   175
3757,  -302,   -40,   152
3767,  -360,   -88,    29
3777,  -426,   -23,  -116
3787,  -524,    61,  -262
3798,  -566,   145,  -343
3808,  -497,   195,  -266
3818,  -418,    68,   -33
3827,  -402,  -106,   223
3837,  -455,  -196,   340
3848,  -559,  -217,   214
3859,  -693,  -205,   -84
3869,  -802,  -125,  -423
3878,  -853,   -66,  -671
3888,  -829,   -34,  -715
3898,  -804,   -30,  -528
3908,  -829,   -89,  -273
3918,  -878,  -144,  -144
3928,  -918,  -158,  -163
3938,  -946,  -192,  -273
3948,  -919,  -210,  -371
3959,  -855,  -158,  -369
3970,  -787,   -84,  -268
3980,  -730,   -45,  -137
3990,  -714,   -59,   -36
4000,  -725,   -38,   -12
4010,  -738,    45,   -64
4021,  -717,    73,   -71
4031,  -643,    18,    20
4041,  -567,    -7,   163
4052,  -531,    39,   326
4061,  -489,   121,   471
4070,  -404,   185,   564
4079,  -297,   193,   660
4089,  -196,   147,   791
4099,  -126,    91,   953
4109,   -77,    52,  1056
4119,   -83,    32,  1051
4129,  -156,    75,   851
4139,  -242,   184,   494
4149,  -302,   277,   131
4159,  -342,   291,  -125
4170,  -388,   246,  -221
4181,  -396,   170,  -204
4191,  -359,   112,  -118
4201,  -319,    74,     3
4211,  -276,    26,    98
4222,  -288,    61,   106
4232,  -296,   117,    37
4242,  -281,   162,     2
4252,  -240,   209,    67
4262,  -143,   207,   230
4271,   -35,    88,   479
4281,    59,   -45,   722
4290,   119,  -135,   881
4299,   126,  -169,   925
4309,   109,  -144,   864
4319,    76,   -45,   711
4328,    24,    52,   539
4340,   -19,    56,   373
4349,   -52,    20,   237
4359,   -82,    41,   146
4368,   -86,    93,   126
4378,   -69,   127,   143
4388,   -51,   109,   151
4398,   -39,    66,   148
4408,   -49,    49,   120
4418,   -74,    38,    48
4428,   -85,     6,   -46
4438,   -82,     4,  -125
4448,   -57,   -17,  -126
4459,     0,   -64,   -59
4470,    45,  -126,    61
4480,    83,  -171,   171
4490,   125,  -164,   243
4500,   139,   -69,   293
4511,   153,    16,   332
4521,   169,    31,   360
4531,   164,    74,   366
4542,   137,   104,   356
4552,   106,    85,   331
4562,    72,    64,   260
4571,    28,    42,   146
4580,    -9,    16,    34
4589,   -31,    33,   -49
4599,   -36,    65,  -102
4610,   -17,    37,  -103
4620,    10,    11,   -48
4630,    35,    41,    30
4640,    41,    74,    67
4649,    43,    74,    41
4659,    32,    72,   -21
4669,    27,    48,  -100
4679,    14,    13,  -164
4689,    12,   -26,  -181
4699,    45,   -55,  -154
4709,   106,   -40,   -74
4719,   149,    27,    24
4729,   155,    92,    94
4739,   124,   100,   115
4749,   110,    63,    67
4759,   104,    60,     0
4769,    87,    76,   -35
4779,    75,    85,   -46
4789,    60,    73,   -31
4799,    37,    44,    -6
4810,    25,    53,    26
4820,    39,    49,    70
4830,    53,   -13,   126
4840,    42,   -77,   176
4850,     1,   -82,   157
4860,   -21,   -53,    76
4869,   -14,   -48,   -14
4878,   -14,   -42,   -90
4888,   -25,   -22,  -132
4899,   -36,     2,  -153
4909,   -20,    24,  -146
4919,    51,     9,   -66
4929,   134,   -15,   103
4938,   187,   -11,   270
4948,   181,     0,   282
4959,   168,     1,   174
4970,   146,    12,    75
4980,   106,    45,    56
4990,    76,    62,    72
5000,    42,    51,    71
5010,    26,    37,    93
5020,    21,    10,   148
5030,    23,   -14,   199
5040,    27,   -21,   204
5050,    35,   -11,   178
5060,    43,   -10,   152
5071,    34,    -5,   122
5081,    22,     7,    92
5092,    17,     3,    69
5102,    21,     0,    50
5112,    20,     2,    72
5122,    24,    -7,   101
5133,    38,   -16,   100
5143,    60,   -27,   102
5153,    61,   -26,    85
5163,    52,   -24,    64
5173,    46,   -19,    38
5184,    42,    -9,    14
5194,    41,     3,     6
5204,    44,    11,    17
5215,    43,     2,    27
5225,    51,    -1,    43
5235,    53,    -9,    54
5246,    49,     0,    54
5256,    49,     3,    56
5266,    39,    -4,    61
5275,    33,    -4,    71
5283,    26,    -6,    81
5291,    24,    -7,    83
5299,    23,   -10,    86
5309,    24,    -3,    89
5319,    24,     0,    85
5329,    33,    -5,    78
5339,    36,    -3,    57
5349,    28,     5,    61
5359,    34,     9,    61
5369,    42,     3,    56
5380,    42,     0,    55
5390,    42,    -2,    49
5400,    31,    -2,    47
5410,    23,     0,    44
5420,    22,     0,    47
5430,    26,    -1,    34
5440,    29,    -5,    28
5450,    24,    -2,    27
5460,    25,    -3,    31
5470,    28,    -2,    35
5479,    29,   -10,    49
5488,    32,   -10,    68
5499,    30,   -15,    81
5508,    28,   -15,    87
5518,    23,   -13,    75
5528,    23,    -8,    65
5538,    16,    -5,    54
5549,    16,     2,    51
5558,    24,     2,    37
5569,    28,     4,    45
5580,    25,     0,    57
5590,    26,    -1,    66
5601,    32,    -2,    66
5610,    25,    -3,    74
5620,    23,    -7,    73
5630,    21,    -9,    64
5641,    24,    -6,    54
5650,    25,    -3,    52
5661,    34,     2,    43
5671,    39,    -1,    51
5681,    33,    -3,    59
5690,    26,    -6,    60
5701,    18,    -5,    67
5711,    17,    -8,    64
5720,    19,    -5,    64
5730,    22,    -5,    48
5740,    23,     1,    36
5750,    21,     3,    40
5760,    23,     1,    44
5770,    19,     3,    55
5780,    19,    -2,    60
5791,    23,    -8,    59
5801,    24,    -6,    65
5811,    16,    -7,    66
5821,    13,    -7,    54
5831,    15,    -3,    52
5841,    14,     0,    46
5851,    17,    -1,    34
5861,    19,     1,    26
5870,    20,    -4,    33
5879,    18,    -4,    44
5889,    18,    -8,    53
5899,    22,    -1,    56
5910,    18,    -3,    60
5920,    22,    -1,    58
5931,    25,    -3,    57
5940,    26,    -5,    54
5950,    25,    -3,    55
5959,    19,    -7,    51
5969,    17,    -8,    57
5980,    13,    -7,    49
5990,    10,    -1,    39
6000,    13,    -5,    38
6010,    20,    -5,    33
6020,    19,     5,    32
6030,    21,     3,    36
6040,    20,    -4,    37
6050,    13,    -9,    42
6060,     8,   -11,    55
6070,     7,   -14,    67
6080,    15,   -11,    66
6090,    12,    -7,    60
6100,     8,    -5,    51
6110,    13,     0,    36
6120,    12,     7,    39
6130,    15,     8,    41
6140,    18,     5,    38
6150,    20,     1,    43
6161,    13,    -5,    47
6171,     6,    -4,    48
6181,    11,    -6,    50
6191,     8,    -9,    58
6201,    14,    -7,    61
6211,    15,    -3,    73
6221,    16,    -4,    69
6231,    20,    -6,    57
6241,    20,    -6,    54
6251,    23,    -3,    43
6261,    18,    -3,    32
6271,    21,    -1,    31
6280,    28,     5,    35
6289,    25,     1,    33
6300,    20,     0,    37
6310,    17,     1,    42
6320,    23,    -2,    35
6330,    22,     0,    29
6339,    21,    -4,    32
6350,    23,   -12,    28
6360,    20,   -13,    34
6370,    12,   -12,    36
6380,    13,    -8,    34
6390,    12,    -4,    42
6400,    11,    -1,    43
6410,    15,     2,    43
6419,    12,     0,    56
6430,    14,    -1,    58
6440,    15,    -1,    68
6450,    13,    -3,    72
6460,     9,     0,    70
6469,     9,    -6,    72
6481,     3,    -3,    72
6491,     3,    -6,    75
6500,     7,    -5,    57
6510,    11,     4,    39
6520,    10,    14,    31
6530,    15,    13,    23
6541,    24,    14,    19
6550,    21,    10,    31
6560,    15,     9,    51
6571,    14,     5,    58
6580,    14,     0,    65
6589,    22,    -5,    79
6599,    24,   -10,    83
6609,    18,   -14,    87
6619,    20,   -11,    83
6629,    21,    -4,    87
6640,    23,     0,    94
6649,    11,     4,   107
6659,     5,     1,   118
6670,    -2,     0,   137
6680,   -11,     9,   183
6690,   -27,    18,   234
6700,   -39,    31,   294
6710,   -60,    46,   367
6720,   -83,    66,   453
6730,  -131,    79,   574
6740,  -176,   116,   632
6750,  -177,   147,   553
6760,  -142,   144,   437
6770,   -94,   140,   426
6780,   -52,   104,   570
6789,   -31,    61,   791
6800,   -45,    41,   958
6809,   -88,    59,   993
6819,  -129,    95,   907
6829,  -178,   151,   766
6839,  -245,   194,   623
6850,  -260,   228,   515
6859,  -223,   335,   444
6870,  -159,   464,   466
6881,  -118,   520,   565
6893,  -135,   506,   661
6903,  -143,   436,   669
6913,  -134,   419,   630
6923,   -96,   491,   572
6934,   -32,   617,   610
6944,    -9,   745,   753
6956,   -21,   713,   940
6966,   -51,   593,  1083
6976,   -90,   533,  1064
6982,  -128,   442,   963
6987,  -177,   401,   796
6997,  -206,   376,   562
7007,  -222,   450,   398
7017,  -203,   469,   271
7027,  -188,   397,   266
7037,  -163,   368,   255
7047,  -172,   430,   304
7057,  -187,   474,   350
7067,  -224,   426,   311
7077,  -217,   322,   187
7087,  -157,   363,    67
7097,  -138,   411,    19
7107,  -146,   268,    34
7117,  -147,   126,    89
7127,  -103,    42,    51
7137,   -66,   189,  -112
7147,   -62,   491,  -224
7157,   -92,   768,  -288
7167,  -100,   833,  -320
7177,  -100,   795,  -397
7187,   -94,   763,  -517
7197,  -102,   976,  -599
7207,   -92,  1205,  -572
7217,   -22,  1137,  -518
7227,    37,   906,  -468
7238,    60,   674,  -350
7248,   107,   480,  -326
7258,   123,   469,  -464
7267,    81,   480,  -694
7277,    80,   313,  -839
7288,    77,   379,  -790
7297,    81,   387,  -660
7308,    85,   235,  -603
7318,    84,     9,  -561
7327,    79,   -51,  -507
7337,    50,    61,  -545
7347,    37,   186,  -694
7358,    56,   198,  -777
7367,    92,   139,  -677
7378,   142,    99,  -500
7387,   190,    51,  -351
7398,   197,   -59,  -251
7407,   166,  -153,  -223
7417,   126,  -115,  -269
7428,    77,   -34,  -340
7438,    70,    25,  -381
7447,    83,   -66,  -306
7457,    86,  -197,  -190
7468,    58,  -201,  -141
7478,    19,  -157,  -210
7488,    21,   -72,  -349
7498,    44,    54,  -452
7508,    39,    47,  -450
7518,    10,  -115,  -356
7528,   -35,  -292,  -300
7537,   -94,  -393,  -362
7548,  -123,  -423,  -512
7557,  -100,  -372,  -649
7568,   -60,  -300,  -652
7577,   -16,  -342,  -514
7588,    31,  -520,  -313
7598,    64,  -670,  -173
7608,    85,  -720,  -164
7617,    78,  -739,  -273
7628,   238, -1068,   -56
7638,   103,  -820,   -15
7648,  -201,  -498,  -291
7658,  -311,  -324,  -728
7668,  -194,  -257,  -980
7678,   -19,  -244,  -886
7692,   110,  -397,  -526
7702,   177,  -553,  -177
7712,   174,  -592,   -89
7722,   123,  -589,  -265
7732,    74,  -648,  -515
7742,    44,  -709,  -739
7752,    22,  -766,  -866
7762,    33,  -909,  -831
7772,    67, -1085,  -677
7782,    82, -1221,  -510
7792,    65, -1251,  -415
7801,     5, -1163,  -436
7811,   -87, -1034,  -538
7821,  -136,  -900,  -642
7831,  -114,  -758,  -682
7842,   -34,  -735,  -578
7852,    38,  -849,  -333
7862,    64, -1028,   -98
7872,    44, -1148,   -52
7882,   -20, -1194,  -232
7891,  -112, -1100,  -539
7901,  -196,  -949,  -802
7911,  -204,  -818,  -895
7921,  -158,  -740,  -779
7931,   -92,  -731,  -543
7941,   -29,  -746,  -285
7951,    47,  -715,   -75
7961,   122,  -609,    75
7972,   138,  -415,   195
7981,   101,  -185,   260
7991,    51,    -5,   277
8000,    41,   -20,   268
8010,    65,   -89,   239
8021,    94,  -101,   235
8030,   137,   -96,   282
8041,   139,  -102,   372
8050,   111,   -75,   426
8061,    76,     2,   389
8071,    44,   129,   288
8080,    39,   226,   223
8093,    44,   232,   238
8103,    35,   206,   283
8114,    17,   139,   305
8124,    -8,    34,   273
8134,   -23,   -78,   184
8144,   -42,  -136,    74
8154,   -76,  -168,    -9
8165,   -89,  -179,   -82
8175,   -83,  -143,  -116
8185,   -43,  -135,   -70
8194,     9,  -157,    71
8202,    37,  -149,   257
8212,    75,  -140,   393
8221,    77,  -161,   452
8231,    37,  -160,   443
8242,     3,   -95,   404
8252,   -43,    -2,   373
8261,   -79,    86,   375
8271,   -88,   195,   392
8281,   -87,   318,   425
8293,   -63,   364,   480
8304,   -21,   316,   545
8314,     2,   174,   600
8325,    15,    63,   611
8335,    26,    17,   581
8345,     5,   -75,   562
8355,   -37,  -107,   518
8365,   -73,   -60,   416
8376,   -78,   -26,   280
8386,   -76,   -12,   167
8395,   -65,     1,    84
8404,   -50,    23,    55
8413,   -20,    30,    95
8422,    18,    -3,   209
8432,    38,   -47,   329
8442,    42,   -71,   390
8452,    24,  -114,   369
8462,    -4,  -158,   273
8472,   -17,  -142,   165
8482,   -15,   -89,   109
8492,     7,   -43,   169
8502,    43,   -23,   307
8512,    36,     3,   404
8522,    46,    30,   375
8532,    76,    32,   218
8542,    97,    34,    39
8552,   126,    58,   -26
8563,   174,    99,   207
8573,   197,   130,   661
8583,   165,   135,   821
8592,   142,    77,   627
8602,   103,    46,   418
8613,    52,    55,   408
8623,    12,    63,   450
8633,    11,    64,   393
8643,     0,    73,   306
8653,   -29,    92,   240
8662,   -48,   116,   146
8672,   -34,    98,    83
8682,   -33,    66,    73
8693,   -39,    35,    62
8702,   -44,    30,    42
8712,   -48,    24,    39
8721,   -38,    36,    43
8732,   -12,    49,    55
8742,    -5,    55,    96
8752,    -9,    37,   149
8761,   -11,    40,   155
8772,    -2,    40,   131
8782,    -3,    36,   114
8792,    -1,    41,   100
8803,     1,    41,    71
8813,     3,    45,    48
8823,     9,    42,    51
8833,    11,    41,    59
8843,     9,    49,    61
8853,     4,    39,    85
8863,    -6,    38,   109
8873,    -4,    32,   118
8883,    -8,    31,   107
8893,   -10,    32,    92
8902,    -8,    30,    76
8912,    -7,    25,    59
8922,    -4,    28,    52
8932,     0,    35,    52
8942,     4,    33,    52
8952,     1,    32,    60
8962,     0,    33,    61
8972,     0,    24,    55
8982,    -4,    17,    53
8992,    -9,    24,    59
9003,    -4,    20,    66
9013,     0,    16,    66
9023,    -4,     9,    67
9033,    -8,     9,    65
9043,    -6,    16,    54
9053,    -3,    14,    50
9064,    -1,    14,    50
9073,     1,    13,    44
9083,    -6,    16,    54
9093,    -9,    19,    65
9104,   -17,    19,    65
9114,   -15,    22,    63
9123,   -12,    24,    53
9133,    -1,    26,    45
9143,     2,    27,    42
9153,     2,    28,    39
9164,     5,    34,    41
9173,     6,    31,    54
9183,    -1,    25,    59
9193,    -9,    25,    61
9201,   -16,    36,    63
9211,   -14,    30,    63
9222,    -8,    38,    64
9231,    -8,    30,    65
9241,   -11,    24,    82
9251,    -3,    24,    80
9261,    -1,    24,    77
9272,    -3,    24,    72
9281,    -1,    26,    67
9291,     4,    28,    61
9302,     5,    31,    61
9313,    10,    29,    59
9324,     9,    25,    61
9333,     5,    22,    61
9343,     4,    12,    62
9353,     8,    11,    66
9363,     7,    16,    64
9373,     5,    18,    54
9384,     7,    20,    45
9394,     7,    23,    32
9404,     6,    33,    22
9414,     3,    36,    26
9424,     3,    36,    37
9433,     3,    32,    45
9443,     3,    33,    54
9453,     3,    26,    59
9463,     1,    19,    62
9473,    -3,    16,    64
9483,    -9,    16,    61
9493,    -5,    15,    49
9503,    -2,    20,    41
9512,     0,    19,    50
9522,     8,    22,    50
9532,    19,    22,    41
9543,    20,    23,    40
9553,    14,    19,    40
9563,     9,    14,    49
9572,     7,    24,    39
9582,     9,    18,    34
9592,    10,    18,    36
9603,     7,    16,    42
9613,     3,    14,    49
9622,    -3,    13,    55
9632,     1,    14,    58
9643,     0,    16,    61
9653,    -3,    16,    59
9663,   -10,    18,    67
9672,   -16,    17,    73
9682,    -9,    42,    72
9692,    -9,    13,    62
9703,    -6,    16,    63
9714,     1,    18,    52
9724,     0,    19,    54
9734,     5,    10,    48
9744,     0,     9,    50
9754,     0,     9,    50
9764,    -3,     7,    54
9774,    -8,     7,    53
9784,    -6,     8,    57
9794,    -3,    17,    56
9804,    -7,    18,    55
9814,    -6,    16,    58
9824,    -1,    22,    49
9834,    -1,    21,    47
9844,    -6,    20,    44
9854,    -5,    20,    44
9863,    -3,    20,    46
9874,    -5,    12,    42
9884,    -4,    14,    41
9894,     0,    17,    41
9904,     4,    17,    43
9914,     1,    18,    56
9924,    -1,    18,    58
9934,    -6,    21,    53
9944,    -2,    18,    49
9954,    -6,    17,    46
9964,    -5,    15,    54
9974,    -5,    14,    57
9984,    -5,    17,    52
9994,    -5,    13,    54
10004,    -1,    14,    38
10014,    -1,     7,    47
10024,     0,     4,    51
10034,     4,     6,    54
10044,     2,    14,    49
10054,    -2,     5,    38
10064,     0,     1,    36
10074,     1,    -1,    35
10084,     0,    -4,    39
10094,    -4,    -4,    37
10104,     0,     0,    33
10113,    -3,     3,    44
10123,    -5,     7,    50
10133,    -6,     9,    61
10143,    -2,    13,    63
10153,     0,    12,    63
10163,     0,     5,    53
10173,    -5,     4,    48
10183,    -8,     6,    46
10193,    -5,     6,    34
10203,     0,     6,    22
10214,    -6,     3,    23
10224,    -4,   -11,     5
10234,    -5,   -13,    25
10244,     1,    -6,    43
10254,     0,     8,    35
10264,    -5,    10,    53
10274,    -5,     0,    58
10284,    -4,    -4,    56
10294,    -8,    -2,    71
10304,    -7,    -7,    71
10314,     0,    -4,    70
10324,     4,    -7,    60
10335,     4,    -7,    40
10344,     3,    -3,    29
10354,    -1,    -2,    25
10364,    -1,     1,    24
10374,    -2,    23,    50
10384,    -7,     9,    64
10394,   -11,     4,    89
10404,    -3,     0,    92
10413,    -2,    -5,    89
10423,    -8,   -12,    81
10433,    -3,    -9,    71
10443,    -3,   -12,    60
10453,    -5,    -9,    49
10463,    -3,    -1,    39
10473,     0,     1,    32
10483,    -3,     7,    35
10493,    -3,    12,    46
10504,    -2,    16,    50
10514,    -4,    14,    63
10524,    -3,    15,    66
10534,     4,    15,    44
10544,    -4,     8,    44
10554,    -7,    11,    42
10564,   -10,     6,    50
10575,    -7,    10,    44
10587,   -11,    15,    51
10596,    -9,     9,    45
10605,   -10,    10,    54
10614,    -4,    13,    38
10628,    -4,     0,    30
10637,     0,    -7,    35
10646,     2,   -15,    30
10655,     8,   -13,    25
10665,    12,    -3,    13
10675,    11,     2,    10
10685,     7,    11,    32
10695,     3,    15,    33
10705,    -7,    17,    47
10716,   -10,    12,    56
10726,   -12,    13,    48
10736,   -16,    12,    50
10746,   -18,     5,    50
10757,   -15,     6,    66
10767,    -9,    10,    82
10777,    -2,    13,    80
10788,     2,    13,    75
10798,     5,    13,    60
10808,     7,     8,    29
10817,    11,     1,    16
10825,    11,     3,     3
10833,    11,    11,    -3
10843,    10,    20,     8
10854,    11,    26,    33
10864,     9,    29,    54
10874,     8,    26,    68
10883,     5,    23,    69
10893,     2,    15,    73
10904,    -7,    -1,    81
10915,   -15,    -9,    76
10925,   -10,    -2,    56
10936,    -5,     0,    49
10946,    -2,     3,    50
10956,     1,     3,    54
10967,     2,     0,    69
10977,     6,     1,    76
10987,     2,    12,    72
10998,     0,    19,    83
11008,   -10,    -4,    87
11016,   -12,     2,   100
11024,   -12,    -2,    99
11034,     0,     7,   101
11044,    11,    17,    94
11054,     9,    20,   128
11064,    -1,     5,   181
11074,   -27,    36,   239
11084,   -72,    33,   343
11094,  -152,    82,   417
11104,  -314,   177,   468
11113,  -538,   254,   390
11124,  -672,   294,   301
11134,  -769,   328,   309
11144,  -751,   374,   459
11154,  -694,   360,   798
11163,  -675,   313,  1237
11174,  -703,   248,  1634
11184,  -765,   165,  1868
11194,  -815,   129,  1913
11204,  -818,   124,  1880
11213,  -796,   106,  1895
11223,  -809,   128,  1955
11233,  -836,   144,  1997
11243,  -872,   124,  1939
11253,  -937,    77,  1711
11263,  -993,    32,  1352
11273, -1006,    -7,  1005
11283,  -987,   -39,   779
11293,  -976,   -31,   707
11304,  -970,    44,   730
11314,  -943,   165,   753
11324,  -928,   265,   724
11334,  -947,   329,   643
11344,  -950,   375,   512
11355,  -929,   376,   366
11365,  -949,   272,   242
11375,  -993,    85,   108
11385, -1021,   -70,   -46
11395, -1019,  -156,  -190
11405, -1007,  -206,  -270
11414, -1014,  -207,  -305
11424,  -992,  -173,  -365
11434,  -967,  -101,  -434
11444,  -917,   -17,  -461
11454,  -851,   -23,  -397
11464,  -788,   -93,  -275
11474,  -765,  -159,  -202
11484,  -769,  -100,  -215
11494,  -722,  -249,  -296
11504,  -649,  -326,  -373
11514,  -554,  -342,  -426
11525,  -480,  -338,  -405
11536,  -481,  -348,  -344
11546,  -471,  -303,  -368
11556,  -389,  -188,  -441
11566,  -235,   -64,  -430
11576,   -88,     2,  -291
11585,     0,   -16,  -125
11595,     8,   -78,  -118
11606,   -50,  -101,  -371
11615,  -103,   -63,  -809
11626,   -89,    -6, -1214
11636,   -16,    17, -1401
11646,    48,    56, -1369
11656,   173,   147, -1170
11666,   306,   240,  -881
11676,   375,   346,  -612
11686,   399,   420,  -456
11695,   391,   441,  -471
11705,   344,   411,  -676
11715,   286,   239,  -990
11724,   274,    66, -1303
11734,   300,   -10, -1515
11744,   342,   -19, -1563
11755,   445,    25, -1407
11765,   547,    25, -1107
11774,   620,    -3,  -767
11784,   693,   -16,  -484
11794,   717,    -8,  -339
11805,   712,    62,  -344
11815,   704,   180,  -432
11826,   699,   147,  -532
11837,   768,   -20,  -571
11847,   881,  -104,  -554
11857,   956,   -38,  -486
11867,   955,    99,  -429
11878,   916,   236,  -461
11888,   888,   345,  -598
11898,   877,   425,  -739
11908,   814,   407,  -819
11919,   749,   312,  -865
11928,   734,   159,  -877
11937,   773,   -35,  -826
11946,   842,  -223,  -677
11956,   901,  -353,  -465
11966,   905,  -491,  -238
11976,   827,  -649,  -118
11986,   746,  -659,  -214
11996,   650,  -646,  -468
12006,   565,  -730,  -795
12016,   541,  -752, -1111
12024,   570,  -632, -1325
12034,   600,  -402, -1399
12044,   623,  -103, -1335
12054,   615,   192, -1225
12064,   543,   422, -1150
12074,   505,   465, -1152
12084,   527,   211, -1160
12094,   632,   -77, -1111
12104,   780,  -237,  -938
12114,   871,  -303,  -641
12125,   945,  -153,  -291
12136,  1015,   167,    27
12146,  1028,   430,   252
12156,   923,   459,   310
12166,   831,   341,   153
12176,   794,   263,  -121
12186,   772,   239,  -333
12196,   742,   146,  -377
12206,   713,    51,  -272
12216,   675,    56,  -106
12226,   663,   164,    12
12236,   671,   294,    96
12245,   639,   232,   232
12255,   601,    20,   371
12265,   549,  -205,   423
12276,   437,  -363,   379
12285,   333,  -432,   282
12296,   268,  -390,   177
12306,   208,  -270,   140
12316,   197,   -98,   164
12328,   251,   113,   294
12337,   309,   180,   581
12346,   405,    38,   978
12356,   553,  -117,  1404
12366,   593,  -228,  1805
12376,   490,  -335,  2012
12386,   365,  -363,  1933
12396,   215,  -279,  1625
12406,    70,  -120,  1197
12416,    -8,    35,   832
12426,     3,    85,   659
12435,    64,    97,   687
12444,   156,   166,   851
12455,   222,   249,  1080
12465,   184,   288,  1227
12475,    80,   301,  1111
12485,   -16,   312,   744
12495,   -88,   287,   316
12505,  -110,   255,   -19
12515,  -114,   238,  -166
12526,  -110,   228,  -129
12536,    -2,   187,  -137
12546,   164,    64,  -248
12556,   241,   -31,  -206
12566,   228,     8,   -11
12576,   211,    75,   629
12586,   204,     5,  1804
12596,   194,  -143,  1556
12606,   242,  -230,   811
12618,   122,  -155,   710
12627,    -1,  -140,   755
12636,   -60,  -163,   535
12646,  -118,   -80,   324
12656,  -199,    83,   263
12666,  -222,   212,   183
12676,  -195,   226,    79
12686,  -161,   160,    49
12696,  -148,   120,    45
12706,  -113,   120,    29
12716,  -106,    51,    27
12726,  -113,    25,    81
12736,  -129,    28,   113
12746,  -129,    30,   119
12756,  -122,    24,   118
12766,  -119,    44,   119
12776,  -123,    23,   123
12786,  -120,    14,   129
12796,  -118,     2,   119
12806,  -117,     3,   116
12816,  -111,   -21,   103
12826,  -108,   -36,   110
12836,  -105,   -38,    91
12846,  -103,   -41,    70
12856,  -108,   -43,    63
12866,  -104,   -39,    60
12876,   -92,   -28,    48
12887,   -89,   -12,    44
12897,   -81,    -6,    43
12907,   -78,    -4,    34
12917,   -78,    -5,    31
12927,   -78,    -6,    39
12937,   -76,    -7,    46
12947,   -80,   -15,    53
12957,   -83,   -30,    58
12967,   -74,   -16,    45
12977,   -73,   -18,    40
12987,   -69,   -18,    35
12997,   -70,   -18,    42
13007,   -75,   -14,    46
13017,   -75,   -17,    47
13027,   -76,   -24,    56
13037,   -78,   -20,    61
13047,   -79,   -24,    51
13057,   -80,   -14,    45
13067,   -81,    -9,    39
13077,   -74,    -6,    40
13087,   -74,     1,    37
13097,   -74,     4,    42
13107,   -76,     3,    49
13117,   -72,    -2,    50
13127,   -71,    -3,    57
13137,   -76,    -2,    62
13148,   -77,    -6,    59
13158,   -79,   -10,    62
13168,   -78,   -10,    63
13178,   -73,   -12,    56
13188,   -71,   -15,    45
13199,   -73,   -10,    41
13209,   -69,    -5,    36
13219,   -70,    -7,    44
13229,   -64,   -11,    48
13238,   -69,   -15,    61
13247,   -65,   -22,    55
13257,   -65,   -22,    62
13267,   -67,   -18,    65
13277,   -68,   -22,    58
13286,   -67,   -19,    56
13296,   -62,   -15,    51
13306,   -66,   -12,    42
13316,   -68,   -11,    45
13326,   -67,   -13,    56
13335,   -66,   -15,    71
13346,   -62,   -14,    69
13356,   -64,   -14,    59
13366,   -69,   -10,    56
13376,   -61,    -8,    49
13385,   -57,    -9,    45
13395,   -57,   -13,    40
13406,   -52,   -14,    47
13416,   -53,   -16,    56
13426,   -53,   -18,    57
13438,   -52,   -17,    54
13448,   -58,   -19,    46
13459,   -63,   -14,    41
13469,   -59,   -11,    40
13479,   -56,   -10,    37
13489,   -58,    -8,    47
13499,   -58,   -13,    49
13510,   -58,   -12,    51
13520,   -57,   -15,    50
13530,   -58,   -14,    49
13539,   -69,   -11,    54
13548,   -55,    -7,    48
13557,   -57,    -9,    44
13567,   -54,   -11,    49
13577,   -53,   -14,    50
13587,   -49,   -16,    50
13597,   -45,   -13,    54
13607,   -45,   -14,    56
13617,   -51,   -10,    59
13627,   -51,   -11,    65
13637,   -53,   -13,    64
13647,   -58,   -14,    57
13657,   -56,   -13,    54
13667,   -55,   -15,    53
13677,   -49,   -13,    48
13687,   -40,   -14,    41
13697,   -35,   -13,    47
13707,   -35,   -16,    38
13717,   -35,   -18,    41
13727,   -36,   -22,    47
13737,   -40,   -23,    49
13747,   -46,   -23,    51
13757,   -46,   -24,    53
13767,   -40,   -20,    52
13777,   -37,   -21,    54
13787,   -39,   -14,    50
13797,   -38,   -10,    39
13807,   -38,    -9,    36
13817,   -39,    -7,    41
13827,   -41,    -5,    47
13837,   -42,    -6,    53
13847,   -41,    -8,    50
13857,   -45,   -14,    51
13867,   -43,    -7,    52
13877,   -42,    -6,    55
13887,   -44,    -9,    52
13897,   -45,   -13,    58
13907,   -45,   -14,    65
13917,   -43,   -17,    63
13927,   -45,   -12,    61
13938,   -43,   -13,    52
13949,   -42,    -6,    46
13959,   -43,    -6,    51
13969,   -45,    -8,    58
13979,   -44,    -8,    57
13990,   -39,   -12,    61
14000,   -43,   -14,    59
14010,   -44,   -13,    53
14020,   -44,   -18,    52
14031,   -43,   -18,    51
14040,   -42,   -19,    45
14049,   -39,   -17,    40
14058,   -35,   -18,    38
14067,   -36,   -13,    41
14078,   -40,   -15,    41
14087,   -41,   -10,    44
14098,   -35,    -5,    49
14108,   -40,    -6,    57
14117,   -43,    -7,    53
14127,   -45,    -8,    60
14137,   -42,    -7,    61
14147,   -42,    -6,    63
14157,   -33,    -7,    55
14167,   -31,    -5,    52
14177,   -31,   -10,    39
14187,   -30,    -8,    42
14197,   -28,    -4,    46
14207,   -29,    -3,    44
14217,   -30,    -4,    45
14227,   -33,    -9,    46
14237,   -34,   -12,    50
14247,   -28,   -17,    55
14257,   -26,   -15,    51
14267,   -27,   -15,    44
14277,   -27,   -14,    38
14287,   -27,   -16,    44
14298,   -29,   -18,    48
14308,   -30,   -19,    51
14317,   -26,   -17,    60
14327,   -26,   -13,    67
14338,   -23,    -9,    61
14348,   -22,    -8,    51
14358,   -28,    -8,    48
14368,   -29,    -4,    45
14378,   -27,    -2,    43
14387,   -27,    -2,    50
14398,   -30,   -13,    61
14408,   -24,   -15,    58
14418,   -27,   -14,    72
14428,   -25,   -15,    64
14438,   -28,   -14,    60
14448,   -25,   -11,    55
14458,   -26,    -5,    43
14468,   -23,    -5,    36
14478,   -28,    -8,    41
14488,   -22,    -9,    39
14498,   -24,   -12,    45
14508,   -27,   -12,    50
14518,   -27,    -8,    50
14528,   -31,    -3,    51
14538,   -29,    -5,    47
14549,   -30,    -3,    47
14559,   -31,    -2,    53
14570,   -29,     0,    53
14580,   -29,     0,    49
14590,   -23,     0,    54
14600,   -20,    -8,    48
14611,   -20,    -8,    47
14621,   -23,   -12,    44
14631,   -22,   -11,    47
14641,   -23,   -11,    48
14650,   -17,    -7,    49
14659,   -14,    -6,    49
14669,   -12,    -4,    51
14677,   -16,     0,    56
14687,   -21,     0,    60
14697,   -22,    -5,    59
14707,   -23,   -13,    61
14717,   -23,   -16,    56
14727,   -21,   -15,    59
14737,   -24,   -16,    58
14747,   -23,   -10,    49
14757,   -21,    -4,    49
14768,   -21,     4,    52
14777,   -17,     1,    53
14787,   -18,     1,    55
14798,   -18,     5,    61
14808,   -22,    -3,    58
14817,   -29,   -10,    59
14827,   -23,   -15,    54
14838,   -27,    -8,    53
14847,   -24,    -4,    60
14858,   -21,    -3,    62
14868,   -20,     0,    59
14878,   -20,    -5,    57
14887,   -18,   -10,    53
14898,   -16,   -11,    51
14908,   -21,    -9,    54
14918,   -20,   -12,    52
14928,   -19,   -11,    58
14938,   -20,   -14,    65
14948,   -21,   -18,    70
14958,   -18,   -19,    65
14968,   -18,   -16,    65
14978,   -18,    -8,    64
14988,   -21,    -5,    64
14998,   -24,    -3,    63
15008,   -25,    -4,    64
15019,   -25,    -2,    64
15028,   -22,     1,    63
15038,   -24,     0,    60
15048,   -21,     0,    55
15058,   -16,    -4,    51
15068,   -14,    -7,    49
15078,   -15,    -8,    48
15088,   -20,   -12,    49
15098,   -15,   -10,    45
15108,   -19,    -8,    46
15118,   -17,   -11,    50
15128,   -15,   -10,    50
15138,   -10,    -8,    47
15148,   -16,    -9,    45
15158,   -18,   -10,    39
15168,   -12,    -9,    42
15178,    -9,    -4,    46
15188,   -15,    -4,    52
15198,   -21,    -3,    58
15208,   -22,    -3,    63
15218,   -21,    -6,    65
15228,   -18,   -12,    66
15238,   -19,   -12,    59
15248,   -14,   -14,    60
15258,   -13,   -11,    51
15269,   -15,    -8,    41
15279,   -17,    -5,    51
15289,   -19,    -7,    50
15299,   -21,    -6,    56
15309,   -25,    -8,    48
15319,   -24,    -7,    54
15329,   -25,    -5,    61
15339,   -23,    -4,    62
15349,   -15,    -2,    55
15359,   -16,    -1,    57
15369,    -8,     2,    56
15379,    -7,     4,    56
15389,    -9,     4,    56
15399,   -10,     1,    58
15409,   -11,     0,    43
15419,    -6,     0,    45
15429,     0,    -1,    36
15438,    -3,    -9,    41
15449,    -8,   -11,    44
15459,   -10,   -10,    46
15468,    -7,    -8,    50
15479,   -11,   -10,    51
15489,   -13,    -9,    52
15498,   -14,    -5,    51
15509,   -15,    -8,    54
15520,   -15,    -3,    60
15530,   -21,    -6,    58
15539,   -21,    -7,    62
15549,   -16,    -9,    58
15559,   -16,   -10,    59
15569,   -16,    -4,    65
15579,   -14,    -3,    69
15589,   -12,    -2,    65
15599,   -11,    -5,    52
15609,    -3,    -2,    43
15619,    -6,    -6,    40
15629,    -8,    -3,    40
15639,    -7,     0,    53
15649,   -11,     2,    52
15660,   -15,     1,    58
15670,   -10,     0,    62
15680,    -9,    -2,    62
15691,    -8,     0,    57
15701,    -5,    -3,    62
15711,    -4,    -9,    54
15721,    -4,   -11,    43
15732,    -2,   -10,    41
15742,    -1,    -9,    42
15752,     0,   -10,    47
15761,     0,   -10,    49
15770,    -3,   -13,    59
15779,   -10,   -10,    63
15789,    -8,   -10,    66
15799,    -4,    -3,    59
15809,    -5,    -4,    71
15819,   -11,    -1,    63
15829,    -6,     7,    58
15839,     3,    12,    48
15849,    20,    15,    68
15860,    22,    21,    95
15870,    27,    17,   132
15880,    18,     0,   196
15891,    19,   -18,   238
15901,     1,     0,   253
15911,   -16,     9,   293
15921,   -62,   -38,   296
15932,  -121,  -166,   300
15942,  -132,  -424,   303
15952,   -61,  -520,   310
15961,    67,  -594,   437
15970,   190,  -660,   801
15979,   214,  -698,  1286
15989,   188,  -651,  1670
15999,   170,  -506,  1811
16009,   176,  -422,  1716
16019,   204,  -487,  1470
16029,   278, -1010,  1246
16039,   200, -1164,  1275
16048,   100,  -891,  1176
16058,    18,  -695,  1023
16068,    12,  -703,   898
16079,    60,  -763,   851
16089,    83,  -764,   895
16098,   104,  -750,   998
16109,   139,  -755,  1104
16119,   164,  -790,  1152
16129,   128,  -852,  1099
16139,    30,  -916,   903
16149,   -80,  -934,   610
16159,  -119,  -889,   334
16169,  -105,  -829,   146
16179,  -104,  -776,    72
16189,   -92,  -733,    76
16199,   -60,  -670,   125
16209,   -40,  -577,   176
16219,     0,  -540,   248
16229,    49,  -557,   325
16239,    69,  -582,   381
16249,    34,  -607,   400
16259,   -18,  -649,   319
16269,   -91,  -658,   132
16279,  -164,  -627,   -89
16289,  -241,  -557,  -275
16299,  -313,  -442,  -411
16309,  -343,  -320,  -503
16319,  -301,  -244,  -537
16329,  -205,  -215,  -487
16339,  -104,  -190,  -384
16349,   -15,  -104,  -259
16358,    38,   -15,  -181
16368,   -24,   -40,  -202
16378,  -184,  -110,  -351
16388,  -307,  -122,  -590
16398,  -389,    -8,  -836
16408,  -373,   139, -1034
16418,  -258,   265, -1081
16428,   -60,   386,  -974
16438,   185,   430,  -715
16448,   378,   371,  -368
16459,   462,   280,   -12
16469,   457,   251,   157
16479,   337,   324,    95
16489,   150,   458,  -171
16499,   -65,   569,  -549
16509,  -255,   652,  -963
16519,  -423,   671, -1337
16529,  -539,   640, -1629
16540,  -519,   688, -1761
16550,  -397,   768, -1725
16560,  -350,   681, -1509
16570,  -384,   424, -1194
16580,  -373,   240,  -964
16590,  -344,   195,  -853
16600,  -368,   295,  -835
16610,  -479,   440,  -859
16620,  -582,   525,  -946
16630,  -620,   434, -1060
16640,  -571,   283, -1178
16650,  -473,   176, -1185
16660,  -413,   119, -1040
16670,  -378,   135,  -821
16680,  -323,   323,  -605
16690,  -245,   602,  -434
16701,  -181,   848,  -315
16710,  -159,  1014,  -274
16719,  -255,   967,  -342
16731,  -432,   760,  -527
16742,  -487,   717,  -843
16751,  -449,   816, -1164
16759,  -426,   865, -1325
16768,  -383,   877, -1318
16777,  -257,   922, -1180
16788,   -33,  1080,  -979
16798,   179,  1193,  -689
16808,   248,  1118,  -359
16818,   241,   898,  -114
16828,   204,   637,   -50
16838,   126,   547,  -160
16848,    35,   676,  -353
16858,    -3,   747,  -490
16869,    61,   732,  -529
16877,   188,   692,  -395
16888,   349,   585,  -116
16898,   497,   509,   237
16908,   543,   446,   570
16918,   434,   345,   733
16928,   241,   270,   652
16938,    96,   304,   395
16948,     0,   441,   102
16958,   -59,   607,  -130
16969,   -65,   715,  -243
16979,   -28,   738,  -226
16989,    -1,   675,  -120
16999,   -21,   585,    -5
17009,   -44,   593,    74
17018,   -81,   725,   125
17029,  -154,   837,   120
17039,  -226,   787,   120
17049,  -244,   692,   111
17059,  -166,   603,   154
17069,   -13,   443,   326
17079,   136,   166,   614
17090,   197,  -121,   919
17099,   201,  -280,  1122
17109,   167,  -292,  1164
17119,    49,  -216,  1054
17128,   -81,  -141,   840
17139,  -118,   -76,   602
17149,  -103,   -22,   421
17159,   -98,     4,   322
17168,   -83,    43,   290
17178,   -69,   111,   316
17188,   -55,   137,   336
17198,   -11,   123,   378
17208,    48,   113,   450
17218,   108,    94,   554
17228,   190,    48,   653
17238,   278,    13,   745
17249,   336,    37,   804
17259,   364,   118,   810
17269,   323,   203,   775
17279,   258,   254,   675
17289,   234,   295,   505
17299,   267,   321,   367
17309,   348,   306,   518
17319,   366,   256,   963
17329,   260,   163,  1123
17339,   186,   105,   949
17349,   130,   103,   767
17359,    56,   113,   688
17370,    16,    92,   595
17380,   -11,    73,   458
17390,   -35,    58,   347
17400,   -51,    31,   284
17410,   -51,    18,   239
17420,   -39,     8,   192
17430,   -45,   -17,   174
17440,   -58,   -44,   180
17450,   -51,   -59,   164
17460,   -35,   -68,   131
17470,   -21,   -68,   101
17480,   -16,   -63,    67
17490,   -10,   -65,    54
17500,    -7,   -60,    27
17510,    -3,   -65,    30
17521,   -13,   -65,    51
17530,   -21,   -75,    69
17540,    -9,   -87,    74
17550,    -2,   -91,    70
17560,    -8,   -93,    73
17569,    -7,   -89,    76
17579,    -6,   -84,    71
17589,   -17,   -81,    75
17599,   -14,   -72,    69
17610,    -2,   -64,    57
17620,     0,   -62,    54
17629,     0,   -64,    62
17639,    -3,   -71,    74
17649,     0,   -80,    81
17659,     5,   -78,    80
17670,    -2,   -75,    71
17680,    -6,   -67,    85
17690,    -4,   -63,    69
17700,     0,   -64,    58
17710,    -7,   -67,    62
17721,    -8,   -60,    55
17730,    -3,   -63,    39
17740,    -3,   -59,    43
17751,     0,   -55,    30
17761,     2,   -54,    22
17769,     6,   -51,     6
17779,     2,   -56,    10
17789,     2,   -53,    12
17799,     1,   -56,    17
17810,    -3,   -64,    29
17820,   -10,   -72,    34
17830,    -8,   -79,    42
17840,    -2,   -84,    45
17849,     0,   -81,    48
17859,     1,   -79,    54
17869,     3,   -73,    43
17879,     2,   -64,    46
17890,    -2,   -60,    54
17900,     0,   -53,    35
17910,     0,   -61,    54
17920,    -9,   -57,    62
17930,    -8,   -63,    68
17939,   -11,   -59,    64
17949,   -10,   -63,    69
17960,    -8,   -64,    56
17969,   -14,   -59,    61
17979,   -13,   -59,    79
17989,   -10,   -48,    61
17999,    -7,   -42,    46
18009,    -2,   -37,    27
18019,    -3,   -27,    24
18029,     4,   -21,    16
18039,    -4,   -21,    36
18049,     1,    -5,    47
18059,   -20,   -13,   101
18070,   -21,   -37,    97
18080,    11,   -17,    23
18089,     3,   142,   102
18099,   -83,   119,   361
18110,   -90,    60,   320
18120,   -33,    28,    45
18130,    29,    40,   -93
18140,     0,     2,    30
18150,   -13,   -90,    77
18159,    30,  -180,   -51
18170,   113,  -388,    45
18180,    93,  -246,  -243
18190,    93,  -126,  -426
18200,    88,  -149,  -174
18211,    29,  -178,   151
18221,   -21,   -64,   155
18231,   -30,    78,    37
18241,   -51,    80,   130
18251,   -57,    42,   201
18261,   -45,    45,   114
18270,   -29,    38,    37
18279,   -11,   -13,    37
18290,    11,   -72,    19
18300,    25,   -89,   -51
18310,    30,   -90,   -44
18320,    20,   -93,    19
18330,     3,   -78,    57
18340,    -8,   -51,    57
18350,   -21,   -28,    77
18361,   -26,   -17,   113
18371,   -24,   -12,   112
18381,   -18,   -12,    89
18391,   -10,   -28,    69
18401,    -3,   -44,    39
18411,     7,   -60,    23
18421,    10,   -66,    21
18431,     9,   -61,    32
18441,     4,   -56,    55
18451,    -5,   -42,    71
18461,    -9,   -28,    73
18471,   -10,   -22,    76
18481,   -12,   -18,    72
18491,    -7,   -26,    59
18501,    -5,   -32,    50
18512,     0,   -45,    42
18521,     1,   -49,    34
18531,    -3,   -50,    28
18541,    -4,   -52,    35
18551,    -4,   -46,    45
18561,    -3,   -36,    57
18571,     0,   -32,    60
18581,     0,   -32,    60
18591,    -1,   -36,    48
18601,     1,   -40,    43
18611,     4,   -46,    44
18621,     6,   -44,    42
18631,     5,   -42,    48
18641,     0,   -42,    49
18651,     1,   -39,    52
18661,     2,   -34,    55
18671,     1,   -29,    64
18681,     3,   -27,    63
18691,     0,   -29,    52
18701,    -3,   -28,    47
18711,     0,   -30,    41
18721,     0,   -40,    38
18731,     1,   -44,    39
18745,     0,   -43,    46
18754,    -5,   -40,    49
18763,    -8,   -37,    54
18771,    -5,   -35,    49
18781,    -3,   -36,    50
18791,    -3,   -36,    55
18803,    -7,   -42,    55
18811,    -9,   -44,    58
18820,    -9,   -45,    62
18830,    -3,   -42,    52
18841,    -5,   -41,    54
18851,    -6,   -39,    56
18861,   -10,   -41,    61
18871,   -11,   -38,    60
18881,    -8,   -34,    61
18890,    -8,   -31,    65
18900,    -8,   -30,    54
18910,    -5,   -32,    47
18920,    -3,   -33,    39
18930,    -1,   -32,    38
18941,    -3,   -30,    34
18951,     3,   -29,    43
18961,     1,   -28,    51
18971,     3,   -27,    48
18980,    -1,   -28,    45
18990,    -4,   -29,    40
19000,    -7,   -29,    34
19010,    -9,   -24,    37
19020,   -10,   -21,    44
19031,   -11,   -23,    50
19041,    -5,   -24,    53
19051,     0,   -27,    51
19061,    -2,   -30,    52
19071,   -13,     1,    77
19081,    93,  -206,   -74
19091,   101,  -172,  -180
19101,    29,   -83,    36
19111,   -37,   -60,   232
19121,   -30,    -3,   150
19131,   -24,    47,    53
19141,   -53,    63,   107
19151,   -51,    62,   154
19161,   -41,    68,   128
19171,   -60,    91,   126
19181,   -53,    59,   124
19191,   -22,    14,    75
19201,     5,   -33,     3
19211,    31,   -91,   -71
19220,    49,  -114,   -99
19230,    45,  -113,   -45
19241,    25,   -93,    25
19251,     7,   -56,    46
19261,     0,   -20,    50
19271,   -12,     5,    74
19280,   -23,    16,   110
19290,   -20,    18,   113
19300,    -7,     3,    75
19310,     2,   -27,    45
19320,    17,   -49,    21
19330,    24,   -57,    10
19340,    19,   -57,    22
19350,    14,   -49,    40
19360,     5,   -29,    51
19370,    -1,   -12,    72
19382,   -11,    -2,    84
19392,   -14,    -2,    91
19402,   -16,    -3,    87
19412,    -9,    -6,    76
19422,    -1,   -14,    63
19432,     1,   -31,    59
19441,     0,   -37,    56
19452,     2,   -34,    55
19462,     3,   -32,    63
19472,     1,   -29,    77
19481,     2,   -24,    77
19492,     0,   -16,    65
19502,    -3,   -12,    53
19512,    -8,   -17,    58
19522,    -3,   -20,    55
19532,     1,   -26,    56
19542,     1,   -28,    57
19552,     6,   -31,    47
19562,     4,   -32,    37
19572,     2,   -24,    41
19582,    -2,   -22,    46
19592,    -4,   -18,    43
19602,   -10,   -10,    47
19612,   -10,   -10,    60
19622,   -12,   -13,    63
19632,   -10,   -17,    56
19642,    -5,   -21,    64
19652,    -2,   -21,    70
19662,    -1,   -23,    66
19672,    -3,   -19,    63
19682,    -4,   -18,    59
19692,    -6,   -15,    65
19702,    -1,   -15,    65
19712,     4,   -10,    50
19722,     1,   -13,    47
19732,     5,   -16,    49
19742,     8,   -24,    30
19752,    14,   -31,     9
19762,    18,   -40,     7
19772,     5,   -58,   -17
19782,    14,   -49,    28
19792,    12,   -73,    65
19802,    13,   -29,    91
19813,   -11,    -7,    50
19823,    -4,   -23,    21
19833,   -16,   -21,    55
19843,   -37,   -21,    71
19853,   -53,   -18,    61
19863,   -63,    -9,    73
19872,   -49,    -9,    70
19881,   -24,     3,    38
19891,     2,   -97,   -32
19901,   -14,  -123,    59
19912,    23,   -44,    49
19921,    81,   -50,    45
19931,    72,   -39,    44
19941,    60,   -27,    52
19951,    28,   -12,    83
19961,    13,     0,    99
19971,   -10,     8,   125
19981,   -20,    23,   138
19992,   -32,    37,   126
20002,   -31,    16,    99
20011,   -18,    16,    86
20021,     2,     4,    53
20031,     9,    -8,    44
20041,    31,   -37,    -2
20051,    39,   -53,    -2
20062,    31,   -49,    -1
20072,    47,   -55,   -57
20082,    45,   -84,   -62
20093,    43,   -93,   -38
20103,    46,   -84,   -38
20113,    38,   -94,    30
20122,    44,  -104,    61
20132,    60,   -85,    30
20142,   -78,   -25,   691
20153,  -160,   144,   425
20162,   -86,   201,   -93
20173,   -75,   161,   -78
20182,   -94,   106,   206
20191,   -38,    40,    90
20202,    38,   -30,  -148
20212,    33,  -156,   -91
20221,    47,  -170,   -24
20231,    51,  -111,   -27
20241,    21,   -82,    -7
20251,     6,   -42,     0
20262,   -14,    28,    34
20272,   -22,    61,    86
20281,   -53,    63,   139
20291,   -24,    44,   102
20301,   -57,   -13,   139
20310,   -30,   -13,   110
20321,     1,   -16,     5
20331,   -61,   -77,    47
20341,  -137,  -204,    35
20351,  -184,  -315,   -23
20361,  -230,  -280,    50
20371,  -253,  -115,    95
20381,  -193,    63,    35
20392,   -91,   173,   -19
20402,    96,   164,   -11
20412,   288,    87,   -40
20422,   279,    55,   -35
20432,   208,    64,   -51
20442,   172,     0,   -96
20452,    85,   -65,    23
20462,    46,   -55,   135
20472,    36,   -20,   114
20482,   -22,    72,   238
20492,   -51,   174,   113
20502,   -16,   177,     1
20512,   -78,   180,    50
20522,  -126,   172,    70
20531,  -152,   115,    44
20541,  -140,    -2,    -1
20552,   -12,  -217,   -17
20562,    48,  -257,     9
20572,    40,  -225,    -3
20581,    42,  -191,    23
20589,   -20,   -93,    72
20599,   -58,    16,    90
20609,    77,   -70,    68
20619,   187,  -121,    88
20628,   179,  -106,    89
20639,   154,  -122,    96
20648,    98,   -88,   148
20659,    61,    34,    53
20669,     2,   110,    29
20679,   -26,   146,     4
20688,   -36,   163,     1
20699,   -31,   100,    27
20709,   -18,    67,    66
20719,    -1,     8,    83
20729,    17,   -53,    87
20739,    26,   -69,    89
20749,    18,   -30,    42
20759,    19,    31,    -2
20769,    14,    85,   -47
20779,     0,   121,  -117
20789,   -18,    82,   -81
20799,   -27,    46,    20
20809,    16,    30,    55
20819,     3,   -56,   130
20829,     2,    -9,   118
20839,   -47,    52,    72
20849,   -81,    17,   111
20859,   -23,    16,    22
20869,   -23,   -23,    35
20879,    -1,   -33,    47
20889,    25,     6,    23
20899,    45,    46,     6
20909,    21,    75,     6
20919,     0,   112,   -41
20929,   -36,    65,   -14
20939,   -37,   -18,    80
20949,   -20,  -147,   189
20959,    -5,  -199,   239
20969,    27,  -203,   195
20979,    57,  -158,    66
20989,    81,  -116,    -3
20999,    24,    27,   -38
21009,     3,    93,   -96
21019,    -8,    67,   -59
21029,   -21,    79,     4
21039,   -24,    55,    73
21049,   -15,    17,   147
21059,   -16,     9,   200
21069,   -20,   -13,   208
21079,   -28,   -22,   183
21089,   -33,   -23,   148
21099,   -36,    11,    73
21109,   -36,    24,    45
21119,   -19,    48,    62
21129,    24,    97,    23
21139,    15,    35,   101
21149,    24,    23,    87
21159,   -16,    43,    38
21169,   -56,    16,    52
21179,   -35,    15,    12
21189,   -65,   -34,   101
21199,   -10,   -33,   119
21209,     0,     7,   118
21219,    15,    14,   108
21229,    19,    15,   105
21239,    22,    32,    52
21249,   -16,    -2,    47
21259,   -21,   -25,    48
21269,   -40,   -22,    38
21279,   -49,   -47,    69
21293,   -29,   -90,   112
21303,   -25,   -46,    99
21313,   -12,   -52,    81
21323,    -9,   -12,    19
21334,   -24,    57,   -55
21344,    -4,    23,   -28
21354,   -20,    58,    -7
21364,   -21,    62,    58
21374,   -13,    13,   145
21384,   -12,    43,   106
21389,   -22,     1,   103
21399,    -9,   -82,    79
21410,    -5,  -101,    28
21419,   -12,  -107,     2
21429,    10,   -97,   -31
21440,    43,   -61,   -14
21449,    57,   -59,    21
21459,    53,  -101,   -23
21470,    52,   -88,   -72
21479,    43,   -52,   -69
