time,qw,qx,qy,qz
5,0.75378,-0.03674,0.01587,0.65582
10,0.75391,-0.03717,0.01514,0.65570
14,0.75403,-0.03723,0.01404,0.65558
19,0.75409,-0.03729,0.01385,0.65552
24,0.75409,-0.03729,0.01398,0.65546
29,0.75421,-0.03729,0.01385,0.65540
33,0.75433,-0.03729,0.01343,0.65527
38,0.75446,-0.03741,0.01306,0.65509
43,0.75464,-0.03741,0.01257,0.65491
48,0.75482,-0.03735,0.01196,0.65472
52,0.75500,-0.03729,0.01154,0.65448
57,0.75531,-0.03711,0.01135,0.65417
62,0.75549,-0.03668,0.01160,0.65393
67,0.75568,-0.03619,0.01208,0.65381
72,0.75586,-0.03558,0.01257,0.65363
76,0.75586,-0.03510,0.01306,0.65356
81,0.75568,-0.03448,0.01355,0.65381
86,0.75537,-0.03430,0.01349,0.65417
91,0.75519,-0.03455,0.01257,0.65442
95,0.75500,-0.03491,0.01154,0.65460
100,0.75482,-0.03534,0.01068,0.65479
105,0.75464,-0.03552,0.00891,0.65509
110,0.75415,-0.03583,0.00696,0.65564
114,0.75354,-0.03632,0.00482,0.65631
119,0.75293,-0.03668,0.00323,0.65704
124,0.75232,-0.03680,0.00220,0.65771
129,0.75195,-0.03674,0.00195,0.65814
134,0.75183,-0.03632,0.00385,0.65826
138,0.75195,-0.03571,0.00690,0.65814
143,0.75195,-0.03461,0.00995,0.65814
148,0.75201,-0.03308,0.01172,0.65820
153,0.75201,-0.03253,0.01221,0.65820
157,0.75195,-0.03314,0.01178,0.65820
162,0.75195,-0.03351,0.01093,0.65820
171,0.75195,-0.03363,0.01013,0.65826
182,0.75195,-0.03400,0.00958,0.65820
192,0.75195,-0.03430,0.00909,0.65820
201,0.75195,-0.03442,0.00854,0.65820
211,0.75195,-0.03442,0.00842,0.65820
222,0.75195,-0.03430,0.00891,0.65820
231,0.75195,-0.03394,0.00964,0.65820
242,0.75195,-0.03363,0.01013,0.65820
251,0.75195,-0.03357,0.01025,0.65820
261,0.75195,-0.03369,0.01007,0.65820
272,0.75195,-0.03394,0.00958,0.65826
281,0.75189,-0.03412,0.00922,0.65826
292,0.75189,-0.03418,0.00909,0.65826
301,0.75195,-0.03412,0.00916,0.65820
312,0.75195,-0.03400,0.00940,0.65820
322,0.75195,-0.03394,0.00958,0.65820
331,0.75195,-0.03387,0.00970,0.65820
342,0.75195,-0.03387,0.00970,0.65820
352,0.75195,-0.03387,0.00964,0.65820
361,0.75195,-0.03394,0.00952,0.65826
372,0.75195,-0.03400,0.00934,0.65826
381,0.75195,-0.03406,0.00928,0.65826
392,0.75195,-0.03406,0.00934,0.65826
402,0.75195,-0.03400,0.00946,0.65820
412,0.75195,-0.03394,0.00958,0.65820
422,0.75195,-0.03394,0.00958,0.65820
432,0.75195,-0.03394,0.00952,0.65820
442,0.75195,-0.03400,0.00946,0.65820
452,0.75195,-0.03400,0.00934,0.65820
461,0.75195,-0.03400,0.00934,0.65820
472,0.75195,-0.03400,0.00940,0.65820
482,0.75195,-0.03400,0.00940,0.65826
491,0.75195,-0.03400,0.00946,0.65826
502,0.75195,-0.03394,0.00946,0.65826
512,0.75195,-0.03400,0.00946,0.65820
522,0.75195,-0.03400,0.00940,0.65820
532,0.75195,-0.03400,0.00934,0.65820
541,0.75195,-0.03400,0.00934,0.65820
552,0.75195,-0.03400,0.00940,0.65820
562,0.75195,-0.03400,0.00940,0.65820
572,0.75195,-0.03400,0.00940,0.65820
582,0.75195,-0.03400,0.00940,0.65820
592,0.75195,-0.03400,0.00940,0.65820
602,0.75195,-0.03400,0.00940,0.65826
612,0.75195,-0.03400,0.00934,0.65826
622,0.75195,-0.03400,0.00940,0.65826
632,0.75195,-0.03400,0.00940,0.65826
646,0.75189,-0.03400,0.00940,0.65826
656,0.75195,-0.03400,0.00940,0.65826
666,0.75195,-0.03400,0.00940,0.65826
676,0.75195,-0.03400,0.00940,0.65826
686,0.75195,-0.03400,0.00940,0.65820
697,0.75195,-0.03400,0.00940,0.65820
706,0.75195,-0.03400,0.00940,0.65820
716,0.75195,-0.03400,0.00940,0.65820
726,0.75195,-0.03400,0.00940,0.65820
736,0.75195,-0.03400,0.00940,0.65826
746,0.75195,-0.03400,0.00940,0.65820
756,0.75195,-0.03400,0.00940,0.65820
766,0.75195,-0.03400,0.00940,0.65820
776,0.75195,-0.03400,0.00940,0.65820
785,0.75195,-0.03400,0.00940,0.65820
796,0.75195,-0.03400,0.00940,0.65820
806,0.75195,-0.03400,0.00940,0.65826
816,0.75195,-0.03400,0.00940,0.65826
826,0.75195,-0.03400,0.00940,0.65826
836,0.75195,-0.03400,0.00940,0.65820
847,0.75195,-0.03400,0.00940,0.65820
857,0.75195,-0.03406,0.00940,0.65820
868,0.75195,-0.03406,0.00940,0.65820
878,0.75195,-0.03406,0.00940,0.65820
888,0.75195,-0.03406,0.00940,0.65820
898,0.75195,-0.03406,0.00940,0.65826
909,0.75195,-0.03406,0.00940,0.65826
919,0.75189,-0.03406,0.00940,0.65826
929,0.75195,-0.03406,0.00940,0.65826
939,0.75195,-0.03406,0.00940,0.65826
948,0.75195,-0.03406,0.00940,0.65826
957,0.75195,-0.03406,0.00940,0.65826
966,0.75195,-0.03406,0.00940,0.65826
976,0.75189,-0.03406,0.00940,0.65826
986,0.75189,-0.03406,0.00940,0.65826
996,0.75189,-0.03406,0.00934,0.65826
1006,0.75189,-0.03406,0.00934,0.65826
1016,0.75189,-0.03412,0.00934,0.65826
1026,0.75189,-0.03412,0.00934,0.65826
1036,0.75189,-0.03412,0.00934,0.65826
1047,0.75189,-0.03412,0.00934,0.65826
1057,0.75189,-0.03406,0.00934,0.65826
1068,0.75189,-0.03406,0.00934,0.65826
1078,0.75189,-0.03406,0.00934,0.65826
1088,0.75189,-0.03406,0.00934,0.65826
1098,0.75189,-0.03406,0.00934,0.65826
1109,0.75189,-0.03406,0.00934,0.65826
1119,0.75189,-0.03406,0.00934,0.65826
1129,0.75189,-0.03406,0.00934,0.65826
1139,0.75189,-0.03406,0.00934,0.65826
1148,0.75189,-0.03406,0.00934,0.65826
1157,0.75189,-0.03406,0.00934,0.65826
1166,0.75189,-0.03406,0.00934,0.65826
1176,0.75189,-0.03406,0.00934,0.65826
1186,0.75189,-0.03406,0.00934,0.65826
1196,0.75189,-0.03406,0.00934,0.65826
1206,0.75189,-0.03406,0.00934,0.65826
1216,0.75189,-0.03406,0.00934,0.65826
1226,0.75189,-0.03406,0.00934,0.65826
1236,0.75189,-0.03406,0.00934,0.65826
1248,0.75189,-0.03406,0.00934,0.65826
1258,0.75189,-0.03406,0.00934,0.65826
1268,0.75189,-0.03406,0.00934,0.65826
1278,0.75189,-0.03406,0.00928,0.65826
1289,0.75189,-0.03406,0.00928,0.65826
1299,0.75189,-0.03406,0.00934,0.65826
1309,0.75189,-0.03406,0.00934,0.65826
1319,0.75189,-0.03406,0.00934,0.65826
1330,0.75189,-0.03406,0.00934,0.65826
1340,0.75189,-0.03406,0.00934,0.65826
1349,0.75189,-0.03406,0.00934,0.65826
1358,0.75189,-0.03406,0.00934,0.65826
1367,0.75189,-0.03406,0.00934,0.65826
1377,0.75189,-0.03400,0.00934,0.65826
1387,0.75189,-0.03400,0.00934,0.65826
1397,0.75189,-0.03400,0.00934,0.65833
1407,0.75189,-0.03400,0.00934,0.65826
1417,0.75189,-0.03400,0.00934,0.65826
1427,0.75189,-0.03400,0.00934,0.65826
1437,0.75189,-0.03400,0.00934,0.65826
1448,0.75189,-0.03406,0.00934,0.65826
1458,0.75189,-0.03406,0.00934,0.65833
1468,0.75189,-0.03406,0.00934,0.65826
1479,0.75189,-0.03406,0.00934,0.65833
1489,0.75189,-0.03406,0.00934,0.65833
1499,0.75189,-0.03406,0.00934,0.65833
1510,0.75189,-0.03406,0.00928,0.65833
1520,0.75189,-0.03406,0.00928,0.65833
1530,0.75189,-0.03406,0.00928,0.65833
1540,0.75189,-0.03406,0.00928,0.65833
1547,0.75189,-0.03406,0.00928,0.65833
1555,0.75189,-0.03406,0.00928,0.65833
1565,0.75189,-0.03406,0.00928,0.65833
1575,0.75183,-0.03406,0.00928,0.65833
1585,0.75183,-0.03406,0.00928,0.65833
1595,0.75183,-0.03406,0.00928,0.65833
1605,0.75183,-0.03406,0.00928,0.65833
1615,0.75183,-0.03406,0.00928,0.65833
1625,0.75183,-0.03406,0.00928,0.65833
1635,0.75183,-0.03406,0.00928,0.65833
1647,0.75183,-0.03406,0.00928,0.65833
1657,0.75183,-0.03406,0.00928,0.65833
1666,0.75183,-0.03406,0.00934,0.65833
1681,0.75183,-0.03406,0.00928,0.65833
1690,0.75183,-0.03406,0.00928,0.65833
1699,0.75183,-0.03406,0.00928,0.65833
1708,0.75183,-0.03406,0.00928,0.65833
1717,0.75183,-0.03406,0.00928,0.65833
1727,0.75183,-0.03406,0.00928,0.65833
1737,0.75183,-0.03406,0.00928,0.65833
1748,0.75183,-0.03406,0.00928,0.65833
1758,0.75183,-0.03406,0.00928,0.65833
1768,0.75183,-0.03412,0.00928,0.65833
1779,0.75183,-0.03406,0.00928,0.65833
1789,0.75183,-0.03412,0.00928,0.65833
1799,0.75183,-0.03412,0.00928,0.65833
1809,0.75183,-0.03412,0.00928,0.65833
1820,0.75183,-0.03412,0.00928,0.65833
1830,0.75183,-0.03412,0.00928,0.65833
1840,0.75183,-0.03412,0.00928,0.65833
1849,0.75183,-0.03412,0.00928,0.65833
1858,0.75183,-0.03412,0.00928,0.65833
1867,0.75183,-0.03412,0.00928,0.65833
1877,0.75183,-0.03418,0.00928,0.65833
1887,0.75183,-0.03418,0.00928,0.65833
1897,0.75183,-0.03412,0.00928,0.65833
1907,0.75183,-0.03412,0.00928,0.65833
1917,0.75183,-0.03412,0.00928,0.65833
1927,0.75183,-0.03412,0.00928,0.65833
1937,0.75183,-0.03412,0.00928,0.65833
1948,0.75183,-0.03412,0.00928,0.65833
1958,0.75183,-0.03412,0.00928,0.65833
1968,0.75183,-0.03412,0.00928,0.65833
1979,0.75183,-0.03412,0.00928,0.65833
1989,0.75183,-0.03412,0.00922,0.65833
1999,0.75183,-0.03418,0.00922,0.65833
2009,0.75183,-0.03418,0.00922,0.65833
2020,0.75183,-0.03418,0.00922,0.65833
2030,0.75183,-0.03418,0.00916,0.65833
2040,0.75183,-0.03418,0.00916,0.65833
2049,0.75183,-0.03412,0.00916,0.65833
2058,0.75183,-0.03412,0.00916,0.65833
2067,0.75183,-0.03406,0.00916,0.65833
2077,0.75183,-0.03406,0.00909,0.65833
2087,0.75183,-0.03406,0.00909,0.65833
2097,0.75183,-0.03406,0.00909,0.65833
2107,0.75183,-0.03406,0.00909,0.65833
2117,0.75183,-0.03406,0.00909,0.65833
2127,0.75183,-0.03400,0.00909,0.65833
2137,0.75183,-0.03400,0.00909,0.65833
2148,0.75183,-0.03406,0.00909,0.65833
2158,0.75183,-0.03418,0.00903,0.65833
2169,0.75183,-0.03461,0.00879,0.65833
2179,0.75177,-0.03522,0.00824,0.65833
2189,0.75177,-0.03589,0.00745,0.65833
2199,0.75177,-0.03656,0.00653,0.65826
2210,0.75183,-0.03705,0.00574,0.65826
2220,0.75177,-0.03717,0.00507,0.65826
2230,0.75177,-0.03711,0.00470,0.65826
2240,0.75177,-0.03693,0.00470,0.65826
2250,0.75177,-0.03668,0.00494,0.65833
2259,0.75171,-0.03632,0.00519,0.65839
2268,0.75171,-0.03595,0.00549,0.65845
2277,0.75171,-0.03552,0.00568,0.65845
2287,0.75165,-0.03510,0.00574,0.65851
2297,0.75165,-0.03473,0.00574,0.65857
2307,0.75153,-0.03436,0.00562,0.65869
2317,0.75153,-0.03430,0.00555,0.65875
2327,0.75146,-0.03418,0.00549,0.65875
2337,0.75146,-0.03412,0.00531,0.65875
2347,0.75153,-0.03412,0.00519,0.65875
2358,0.75153,-0.03430,0.00513,0.65875
2369,0.75146,-0.03448,0.00500,0.65875
2379,0.75153,-0.03461,0.00482,0.65875
2389,0.75146,-0.03479,0.00452,0.65875
2399,0.75146,-0.03485,0.00439,0.65875
2410,0.75146,-0.03473,0.00439,0.65875
2420,0.75146,-0.03467,0.00452,0.65875
2430,0.75146,-0.03448,0.00476,0.65881
2441,0.75140,-0.03418,0.00513,0.65887
2451,0.75128,-0.03369,0.00568,0.65906
2459,0.75116,-0.03308,0.00635,0.65924
2467,0.75104,-0.03265,0.00696,0.65936
2476,0.75085,-0.03229,0.00745,0.65955
2486,0.75067,-0.03204,0.00787,0.65979
2496,0.75043,-0.03192,0.00824,0.66003
2507,0.75012,-0.03180,0.00854,0.66040
2517,0.74969,-0.03168,0.00879,0.66089
2527,0.74927,-0.03156,0.00897,0.66144
2536,0.74890,-0.03162,0.00903,0.66180
2546,0.74866,-0.03180,0.00909,0.66211
2558,0.74841,-0.03198,0.00922,0.66235
2569,0.74805,-0.03223,0.00934,0.66272
2579,0.74762,-0.03271,0.00934,0.66321
2589,0.74689,-0.03333,0.00909,0.66400
2599,0.74585,-0.03412,0.00873,0.66510
2609,0.74475,-0.03497,0.00824,0.66632
2620,0.74371,-0.03595,0.00769,0.66742
2630,0.74292,-0.03693,0.00745,0.66827
2640,0.74225,-0.03766,0.00769,0.66895
2650,0.74182,-0.03851,0.00830,0.66943
2659,0.74158,-0.03961,0.00928,0.66962
2668,0.74127,-0.04095,0.01038,0.66980
2677,0.74072,-0.04260,0.01141,0.67029
2688,0.73999,-0.04443,0.01251,0.67102
2697,0.73926,-0.04645,0.01367,0.67163
2708,0.73865,-0.04846,0.01495,0.67206
2718,0.73834,-0.05035,0.01630,0.67230
2728,0.73804,-0.05170,0.01740,0.67249
2738,0.73785,-0.05225,0.01776,0.67267
2748,0.73779,-0.05206,0.01740,0.67273
2758,0.73785,-0.05096,0.01666,0.67273
2768,0.73798,-0.04907,0.01538,0.67285
2778,0.73785,-0.04681,0.01367,0.67310
2788,0.73767,-0.04474,0.01154,0.67346
2798,0.73755,-0.04297,0.00928,0.67377
2808,0.73755,-0.04138,0.00732,0.67395
2818,0.73761,-0.03992,0.00555,0.67401
2828,0.73773,-0.03845,0.00391,0.67395
2838,0.73779,-0.03699,0.00250,0.67395
2848,0.73779,-0.03564,0.00104,0.67401
2858,0.73785,-0.03436,-0.00049,0.67401
2868,0.73810,-0.03302,-0.00201,0.67383
2878,0.73840,-0.03180,-0.00342,0.67352
2888,0.73883,-0.03076,-0.00464,0.67310
2898,0.73932,-0.02979,-0.00562,0.67261
2908,0.73981,-0.02881,-0.00641,0.67212
2918,0.74036,-0.02789,-0.00708,0.67151
2928,0.74091,-0.02698,-0.00745,0.67096
2938,0.74133,-0.02612,-0.00757,0.67053
2948,0.74152,-0.02545,-0.00781,0.67035
2959,0.74158,-0.02502,-0.00824,0.67029
2969,0.74176,-0.02466,-0.00879,0.67010
2979,0.74194,-0.02423,-0.00946,0.66986
2990,0.74237,-0.02368,-0.01007,0.66943
3000,0.74280,-0.02289,-0.01038,0.66895
3010,0.74316,-0.02222,-0.01056,0.66858
3020,0.74323,-0.02191,-0.01074,0.66852
3030,0.74316,-0.02203,-0.01105,0.66858
3041,0.74310,-0.02240,-0.01135,0.66864
3051,0.74316,-0.02277,-0.01147,0.66852
3060,0.74341,-0.02301,-0.01129,0.66827
3069,0.74365,-0.02313,-0.01080,0.66803
3078,0.74377,-0.02319,-0.01007,0.66785
3088,0.74390,-0.02332,-0.00934,0.66772
3098,0.74408,-0.02356,-0.00854,0.66754
3108,0.74426,-0.02399,-0.00757,0.66736
3118,0.74426,-0.02460,-0.00665,0.66736
3128,0.74420,-0.02533,-0.00592,0.66742
3138,0.74408,-0.02606,-0.00549,0.66748
3148,0.74402,-0.02673,-0.00513,0.66754
3159,0.74402,-0.02722,-0.00464,0.66754
3169,0.74390,-0.02771,-0.00391,0.66760
3179,0.74365,-0.02820,-0.00317,0.66791
3189,0.74323,-0.02887,-0.00275,0.66833
3200,0.74286,-0.02942,-0.00256,0.66876
3210,0.74243,-0.02991,-0.00250,0.66913
3220,0.74207,-0.03052,-0.00238,0.66956
3230,0.74188,-0.03113,-0.00208,0.66980
3241,0.74170,-0.03174,-0.00153,0.66992
3251,0.74146,-0.03235,-0.00073,0.67017
3260,0.74103,-0.03290,0.00000,0.67059
3269,0.74048,-0.03339,0.00043,0.67114
3279,0.73993,-0.03369,0.00061,0.67181
3289,0.73932,-0.03375,0.00061,0.67249
3299,0.73883,-0.03375,0.00049,0.67297
3308,0.73853,-0.03345,0.00055,0.67328
3318,0.73828,-0.03314,0.00079,0.67365
3328,0.73792,-0.03308,0.00122,0.67401
3338,0.73749,-0.03333,0.00177,0.67444
3348,0.73688,-0.03375,0.00256,0.67511
3358,0.73596,-0.03461,0.00330,0.67609
3367,0.73492,-0.03564,0.00409,0.67719
3377,0.73389,-0.03687,0.00476,0.67822
3387,0.73297,-0.03815,0.00543,0.67908
3397,0.73230,-0.03918,0.00616,0.67975
3407,0.73169,-0.03998,0.00696,0.68036
3417,0.73096,-0.04047,0.00769,0.68109
3428,0.73041,-0.04108,0.00812,0.68164
3438,0.73010,-0.04156,0.00854,0.68195
3447,0.72974,-0.04193,0.00916,0.68231
3457,0.72919,-0.04242,0.00964,0.68286
3467,0.72870,-0.04303,0.00983,0.68335
3477,0.72821,-0.04358,0.00989,0.68384
3487,0.72760,-0.04407,0.00989,0.68445
3497,0.72693,-0.04468,0.00989,0.68512
3507,0.72626,-0.04523,0.01007,0.68579
3517,0.72565,-0.04559,0.01038,0.68646
3528,0.72510,-0.04578,0.01080,0.68701
3538,0.72473,-0.04565,0.01129,0.68738
3547,0.72437,-0.04529,0.01184,0.68781
3557,0.72375,-0.04498,0.01245,0.68842
3567,0.72302,-0.04480,0.01288,0.68921
3578,0.72223,-0.04456,0.01318,0.69006
3588,0.72131,-0.04425,0.01343,0.69098
3598,0.72040,-0.04395,0.01361,0.69196
3607,0.71960,-0.04364,0.01355,0.69287
3617,0.71875,-0.04346,0.01361,0.69373
3627,0.71777,-0.04370,0.01385,0.69470
3638,0.71661,-0.04443,0.01428,0.69580
3648,0.71558,-0.04541,0.01495,0.69684
3657,0.71466,-0.04645,0.01587,0.69769
3667,0.71381,-0.04718,0.01703,0.69849
3677,0.71277,-0.04761,0.01831,0.69946
3686,0.71173,-0.04767,0.01947,0.70050
3697,0.71088,-0.04736,0.02045,0.70135
3707,0.71033,-0.04688,0.02148,0.70197
3717,0.70996,-0.04626,0.02258,0.70233
3727,0.70959,-0.04547,0.02386,0.70270
3737,0.70923,-0.04462,0.02490,0.70306
3747,0.70892,-0.04364,0.02570,0.70343
3757,0.70880,-0.04260,0.02618,0.70361
3767,0.70880,-0.04150,0.02679,0.70361
3777,0.70886,-0.04053,0.02753,0.70355
3787,0.70880,-0.03979,0.02850,0.70367
3798,0.70844,-0.03943,0.02954,0.70398
3808,0.70801,-0.03912,0.03052,0.70441
3818,0.70746,-0.03864,0.03149,0.70490
3827,0.70721,-0.03766,0.03210,0.70520
3837,0.70734,-0.03607,0.03229,0.70514
3848,0.70764,-0.03394,0.03235,0.70496
3859,0.70801,-0.03186,0.03235,0.70465
3869,0.70837,-0.03015,0.03271,0.70435
3878,0.70856,-0.02893,0.03363,0.70422
3888,0.70850,-0.02838,0.03479,0.70422
3898,0.70819,-0.02814,0.03583,0.70453
3908,0.70770,-0.02789,0.03650,0.70496
3918,0.70721,-0.02740,0.03674,0.70544
3928,0.70673,-0.02679,0.03656,0.70599
3938,0.70618,-0.02643,0.03632,0.70654
3948,0.70569,-0.02643,0.03619,0.70703
3959,0.70532,-0.02661,0.03632,0.70740
3970,0.70514,-0.02686,0.03668,0.70758
3980,0.70502,-0.02686,0.03717,0.70764
3990,0.70508,-0.02661,0.03766,0.70758
4000,0.70520,-0.02631,0.03815,0.70740
4010,0.70538,-0.02594,0.03882,0.70721
4021,0.70538,-0.02588,0.03955,0.70721
4031,0.70526,-0.02606,0.04016,0.70728
4041,0.70520,-0.02637,0.04065,0.70728
4052,0.70526,-0.02655,0.04114,0.70721
4061,0.70526,-0.02661,0.04156,0.70715
4070,0.70532,-0.02643,0.04181,0.70709
4079,0.70532,-0.02612,0.04187,0.70709
4089,0.70532,-0.02588,0.04169,0.70715
4099,0.70538,-0.02545,0.04114,0.70715
4109,0.70557,-0.02466,0.04028,0.70697
4119,0.70605,-0.02338,0.03918,0.70667
4129,0.70685,-0.02142,0.03821,0.70593
4139,0.70789,-0.01923,0.03760,0.70496
4149,0.70892,-0.01721,0.03741,0.70404
4159,0.70972,-0.01581,0.03748,0.70325
4170,0.71027,-0.01514,0.03766,0.70270
4181,0.71057,-0.01495,0.03790,0.70239
4191,0.71069,-0.01508,0.03790,0.70227
4201,0.71082,-0.01520,0.03778,0.70215
4211,0.71094,-0.01520,0.03748,0.70203
4222,0.71124,-0.01508,0.03729,0.70178
4232,0.71149,-0.01483,0.03729,0.70148
4242,0.71179,-0.01471,0.03766,0.70117
4252,0.71216,-0.01465,0.03833,0.70081
4262,0.71246,-0.01453,0.03912,0.70044
4271,0.71283,-0.01434,0.03961,0.70001
4281,0.71332,-0.01385,0.03973,0.69952
4290,0.71399,-0.01306,0.03949,0.69885
4299,0.71484,-0.01202,0.03888,0.69806
4309,0.71576,-0.01062,0.03827,0.69714
4319,0.71686,-0.00903,0.03790,0.69611
4328,0.71777,-0.00745,0.03784,0.69513
4340,0.71857,-0.00610,0.03790,0.69434
4349,0.71924,-0.00525,0.03796,0.69366
4359,0.71979,-0.00482,0.03809,0.69312
4368,0.72009,-0.00470,0.03802,0.69275
4378,0.72028,-0.00458,0.03796,0.69257
4388,0.72040,-0.00452,0.03778,0.69244
4398,0.72052,-0.00452,0.03748,0.69232
4408,0.72070,-0.00446,0.03729,0.69214
4418,0.72083,-0.00439,0.03711,0.69202
4428,0.72095,-0.00446,0.03687,0.69196
4438,0.72101,-0.00476,0.03674,0.69183
4448,0.72107,-0.00519,0.03674,0.69177
4459,0.72119,-0.00580,0.03693,0.69171
4470,0.72137,-0.00635,0.03705,0.69147
4480,0.72174,-0.00684,0.03705,0.69104
4490,0.72223,-0.00714,0.03680,0.69055
4500,0.72278,-0.00726,0.03656,0.69000
4511,0.72321,-0.00714,0.03644,0.68958
4521,0.72363,-0.00690,0.03625,0.68915
4531,0.72406,-0.00653,0.03613,0.68872
4542,0.72443,-0.00610,0.03595,0.68835
4552,0.72467,-0.00574,0.03564,0.68805
4562,0.72498,-0.00531,0.03528,0.68774
4571,0.72528,-0.00494,0.03491,0.68750
4580,0.72552,-0.00482,0.03455,0.68726
4589,0.72577,-0.00482,0.03430,0.68701
4599,0.72589,-0.00494,0.03418,0.68683
4610,0.72595,-0.00525,0.03406,0.68683
4620,0.72601,-0.00568,0.03387,0.68677
4630,0.72614,-0.00592,0.03369,0.68665
4640,0.72620,-0.00598,0.03357,0.68658
4649,0.72626,-0.00592,0.03326,0.68652
4659,0.72632,-0.00586,0.03302,0.68646
4669,0.72632,-0.00592,0.03278,0.68646
4679,0.72632,-0.00629,0.03253,0.68646
4689,0.72632,-0.00690,0.03235,0.68652
4699,0.72638,-0.00757,0.03223,0.68646
4709,0.72650,-0.00818,0.03217,0.68634
4719,0.72668,-0.00854,0.03223,0.68610
4729,0.72687,-0.00861,0.03223,0.68591
4739,0.72699,-0.00854,0.03204,0.68579
4749,0.72705,-0.00854,0.03180,0.68573
4759,0.72717,-0.00854,0.03162,0.68561
4769,0.72736,-0.00867,0.03162,0.68542
4779,0.72748,-0.00879,0.03168,0.68530
4789,0.72754,-0.00903,0.03180,0.68518
4799,0.72766,-0.00928,0.03180,0.68506
4810,0.72778,-0.00952,0.03186,0.68494
4820,0.72784,-0.00964,0.03198,0.68488
4830,0.72784,-0.00970,0.03192,0.68481
4840,0.72797,-0.00970,0.03180,0.68475
4850,0.72803,-0.00952,0.03168,0.68469
4860,0.72809,-0.00934,0.03149,0.68463
4869,0.72809,-0.00922,0.03131,0.68469
4878,0.72803,-0.00922,0.03125,0.68469
4888,0.72803,-0.00934,0.03131,0.68469
4899,0.72803,-0.00958,0.03149,0.68469
4909,0.72803,-0.01001,0.03180,0.68469
4919,0.72791,-0.01056,0.03210,0.68475
4929,0.72791,-0.01111,0.03229,0.68475
4938,0.72791,-0.01147,0.03229,0.68475
4948,0.72803,-0.01160,0.03223,0.68463
4959,0.72815,-0.01166,0.03217,0.68451
4970,0.72833,-0.01196,0.03223,0.68433
4980,0.72845,-0.01227,0.03229,0.68414
4990,0.72864,-0.01251,0.03235,0.68396
5000,0.72876,-0.01270,0.03229,0.68384
5010,0.72888,-0.01288,0.03223,0.68372
5020,0.72894,-0.01306,0.03217,0.68365
5030,0.72900,-0.01324,0.03198,0.68359
5040,0.72900,-0.01343,0.03186,0.68353
5050,0.72906,-0.01355,0.03174,0.68353
5060,0.72906,-0.01361,0.03168,0.68353
5071,0.72913,-0.01367,0.03162,0.68347
5081,0.72919,-0.01373,0.03156,0.68341
5092,0.72925,-0.01367,0.03143,0.68335
5102,0.72925,-0.01361,0.03131,0.68335
5112,0.72925,-0.01361,0.03125,0.68335
5122,0.72925,-0.01367,0.03113,0.68329
5133,0.72931,-0.01361,0.03101,0.68329
5143,0.72931,-0.01361,0.03088,0.68329
5153,0.72931,-0.01361,0.03094,0.68329
5163,0.72931,-0.01361,0.03094,0.68329
5173,0.72937,-0.01361,0.03101,0.68323
5184,0.72937,-0.01367,0.03094,0.68323
5194,0.72937,-0.01373,0.03088,0.68323
5204,0.72937,-0.01385,0.03070,0.68323
5215,0.72937,-0.01398,0.03058,0.68323
5225,0.72937,-0.01416,0.03046,0.68323
5235,0.72937,-0.01428,0.03033,0.68323
5246,0.72937,-0.01434,0.03021,0.68323
5256,0.72943,-0.01440,0.03009,0.68323
5266,0.72943,-0.01447,0.02997,0.68317
5275,0.72943,-0.01440,0.02991,0.68317
5283,0.72943,-0.01434,0.02985,0.68317
5291,0.72943,-0.01422,0.02979,0.68317
5299,0.72949,-0.01410,0.02979,0.68317
5309,0.72949,-0.01398,0.02979,0.68317
5319,0.72949,-0.01392,0.02972,0.68317
5329,0.72949,-0.01385,0.02966,0.68317
5339,0.72949,-0.01379,0.02960,0.68317
5349,0.72949,-0.01379,0.02954,0.68317
5359,0.72949,-0.01379,0.02948,0.68317
5369,0.72949,-0.01379,0.02942,0.68317
5380,0.72949,-0.01379,0.02936,0.68317
5390,0.72949,-0.01385,0.02930,0.68317
5400,0.72949,-0.01392,0.02930,0.68317
5410,0.72949,-0.01398,0.02930,0.68317
5420,0.72949,-0.01404,0.02924,0.68317
5430,0.72949,-0.01404,0.02917,0.68317
5440,0.72949,-0.01410,0.02905,0.68317
5450,0.72949,-0.01410,0.02899,0.68317
5460,0.72949,-0.01410,0.02887,0.68317
5470,0.72949,-0.01404,0.02875,0.68317
5479,0.72949,-0.01398,0.02869,0.68317
5488,0.72949,-0.01398,0.02856,0.68317
5499,0.72949,-0.01392,0.02856,0.68317
5508,0.72949,-0.01392,0.02856,0.68323
5518,0.72949,-0.01385,0.02863,0.68323
5528,0.72949,-0.01379,0.02863,0.68323
5538,0.72949,-0.01367,0.02863,0.68323
5549,0.72949,-0.01361,0.02863,0.68323
5558,0.72949,-0.01355,0.02850,0.68323
5569,0.72943,-0.01355,0.02838,0.68323
5580,0.72943,-0.01355,0.02832,0.68323
5590,0.72943,-0.01355,0.02820,0.68323
5601,0.72943,-0.01355,0.02814,0.68323
5610,0.72943,-0.01355,0.02802,0.68323
5620,0.72943,-0.01355,0.02795,0.68329
5630,0.72943,-0.01355,0.02789,0.68329
5641,0.72943,-0.01349,0.02783,0.68329
5650,0.72943,-0.01355,0.02771,0.68329
5661,0.72949,-0.01361,0.02765,0.68329
5671,0.72949,-0.01367,0.02759,0.68329
5681,0.72949,-0.01373,0.02759,0.68329
5690,0.72949,-0.01379,0.02759,0.68329
5701,0.72943,-0.01379,0.02753,0.68329
5711,0.72943,-0.01379,0.02747,0.68329
5720,0.72943,-0.01373,0.02734,0.68329
5730,0.72943,-0.01367,0.02728,0.68329
5740,0.72943,-0.01361,0.02716,0.68329
5750,0.72943,-0.01361,0.02698,0.68329
5760,0.72943,-0.01361,0.02686,0.68329
5770,0.72943,-0.01367,0.02667,0.68329
5780,0.72943,-0.01367,0.02661,0.68329
5791,0.72943,-0.01367,0.02655,0.68335
5801,0.72943,-0.01373,0.02649,0.68335
5811,0.72943,-0.01373,0.02643,0.68335
5821,0.72943,-0.01367,0.02643,0.68335
5831,0.72943,-0.01367,0.02643,0.68335
5841,0.72943,-0.01361,0.02631,0.68335
5851,0.72943,-0.01361,0.02618,0.68335
5861,0.72943,-0.01361,0.02612,0.68335
5870,0.72943,-0.01367,0.02600,0.68335
5879,0.72943,-0.01373,0.02600,0.68335
5889,0.72943,-0.01373,0.02594,0.68335
5899,0.72943,-0.01379,0.02588,0.68335
5910,0.72949,-0.01379,0.02588,0.68335
5920,0.72949,-0.01385,0.02582,0.68329
5931,0.72949,-0.01392,0.02576,0.68329
5940,0.72949,-0.01404,0.02576,0.68329
5950,0.72949,-0.01404,0.02570,0.68329
5959,0.72949,-0.01410,0.02570,0.68329
5969,0.72949,-0.01410,0.02570,0.68329
5980,0.72949,-0.01410,0.02570,0.68329
5990,0.72949,-0.01404,0.02570,0.68335
6000,0.72949,-0.01398,0.02563,0.68335
6010,0.72949,-0.01398,0.02563,0.68335
6020,0.72949,-0.01404,0.02557,0.68335
6030,0.72949,-0.01410,0.02551,0.68335
6040,0.72949,-0.01416,0.02545,0.68329
6050,0.72949,-0.01416,0.02539,0.68329
6060,0.72949,-0.01422,0.02539,0.68329
6070,0.72949,-0.01416,0.02533,0.68329
6080,0.72949,-0.01416,0.02533,0.68329
6090,0.72949,-0.01410,0.02533,0.68329
6100,0.72949,-0.01410,0.02527,0.68329
6110,0.72949,-0.01410,0.02521,0.68329
6120,0.72949,-0.01416,0.02515,0.68329
6130,0.72949,-0.01422,0.02502,0.68329
6140,0.72949,-0.01428,0.02490,0.68329
6150,0.72949,-0.01434,0.02484,0.68329
6161,0.72955,-0.01434,0.02478,0.68329
6171,0.72955,-0.01434,0.02472,0.68329
6181,0.72955,-0.01434,0.02466,0.68329
6191,0.72955,-0.01428,0.02460,0.68329
6201,0.72955,-0.01422,0.02448,0.68329
6211,0.72955,-0.01422,0.02441,0.68329
6221,0.72955,-0.01416,0.02435,0.68329
6231,0.72955,-0.01416,0.02429,0.68329
6241,0.72955,-0.01410,0.02423,0.68329
6251,0.72955,-0.01404,0.02417,0.68329
6261,0.72955,-0.01398,0.02411,0.68329
6271,0.72955,-0.01398,0.02405,0.68329
6280,0.72955,-0.01398,0.02399,0.68329
6289,0.72955,-0.01404,0.02393,0.68329
6300,0.72955,-0.01410,0.02386,0.68329
6310,0.72955,-0.01410,0.02380,0.68329
6320,0.72955,-0.01410,0.02374,0.68329
6330,0.72955,-0.01410,0.02374,0.68329
6339,0.72955,-0.01416,0.02374,0.68329
6350,0.72955,-0.01410,0.02374,0.68329
6360,0.72955,-0.01404,0.02368,0.68335
6370,0.72955,-0.01398,0.02368,0.68335
6380,0.72949,-0.01385,0.02368,0.68335
6390,0.72949,-0.01379,0.02368,0.68335
6400,0.72949,-0.01367,0.02362,0.68335
6410,0.72949,-0.01361,0.02350,0.68335
6419,0.72949,-0.01361,0.02338,0.68335
6430,0.72949,-0.01361,0.02332,0.68335
6440,0.72949,-0.01361,0.02325,0.68341
6450,0.72949,-0.01361,0.02325,0.68341
6460,0.72949,-0.01361,0.02325,0.68341
6469,0.72949,-0.01355,0.02332,0.68341
6481,0.72949,-0.01355,0.02338,0.68341
6491,0.72943,-0.01349,0.02344,0.68341
6500,0.72943,-0.01343,0.02350,0.68341
6510,0.72943,-0.01337,0.02350,0.68341
6520,0.72943,-0.01343,0.02350,0.68347
6530,0.72943,-0.01349,0.02344,0.68347
6541,0.72943,-0.01355,0.02332,0.68347
6550,0.72943,-0.01367,0.02325,0.68347
6560,0.72943,-0.01385,0.02319,0.68347
6571,0.72943,-0.01398,0.02313,0.68347
6580,0.72943,-0.01410,0.02307,0.68347
6589,0.72937,-0.01422,0.02301,0.68347
6599,0.72937,-0.01434,0.02307,0.68353
6609,0.72931,-0.01447,0.02307,0.68353
6619,0.72931,-0.01459,0.02307,0.68359
6629,0.72925,-0.01471,0.02313,0.68365
6640,0.72919,-0.01489,0.02313,0.68372
6649,0.72913,-0.01508,0.02313,0.68378
6659,0.72906,-0.01532,0.02319,0.68378
6670,0.72906,-0.01550,0.02319,0.68384
6680,0.72906,-0.01562,0.02319,0.68378
6690,0.72906,-0.01575,0.02313,0.68378
6700,0.72913,-0.01581,0.02301,0.68378
6710,0.72913,-0.01587,0.02283,0.68372
6720,0.72913,-0.01587,0.02252,0.68372
6730,0.72913,-0.01581,0.02197,0.68378
6740,0.72906,-0.01556,0.02136,0.68390
6750,0.72894,-0.01508,0.02069,0.68402
6760,0.72894,-0.01477,0.02020,0.68408
6770,0.72894,-0.01471,0.02014,0.68402
6780,0.72906,-0.01459,0.02032,0.68390
6789,0.72925,-0.01422,0.02039,0.68372
6800,0.72955,-0.01337,0.02008,0.68341
6809,0.72992,-0.01215,0.01947,0.68311
6819,0.73029,-0.01074,0.01868,0.68274
6829,0.73059,-0.00952,0.01782,0.68243
6839,0.73090,-0.00861,0.01709,0.68213
6850,0.73114,-0.00800,0.01666,0.68188
6859,0.73145,-0.00757,0.01660,0.68158
6870,0.73169,-0.00714,0.01685,0.68134
6881,0.73187,-0.00677,0.01727,0.68115
6893,0.73193,-0.00635,0.01758,0.68103
6903,0.73199,-0.00604,0.01770,0.68097
6913,0.73224,-0.00592,0.01776,0.68073
6923,0.73248,-0.00604,0.01813,0.68048
6934,0.73273,-0.00635,0.01886,0.68018
6944,0.73279,-0.00671,0.01965,0.68005
6956,0.73273,-0.00696,0.02008,0.68011
6966,0.73267,-0.00702,0.01984,0.68018
6976,0.73285,-0.00677,0.01904,0.68005
6982,0.73309,-0.00641,0.01801,0.67981
6987,0.73340,-0.00598,0.01666,0.67950
6997,0.73376,-0.00568,0.01532,0.67914
7007,0.73413,-0.00562,0.01398,0.67877
7017,0.73431,-0.00574,0.01270,0.67859
7027,0.73456,-0.00610,0.01117,0.67841
7037,0.73499,-0.00641,0.00977,0.67792
7047,0.73560,-0.00641,0.00854,0.67731
7057,0.73615,-0.00604,0.00751,0.67670
7067,0.73663,-0.00543,0.00623,0.67615
7077,0.73724,-0.00470,0.00488,0.67554
7087,0.73792,-0.00403,0.00354,0.67480
7097,0.73853,-0.00317,0.00244,0.67413
7107,0.73914,-0.00244,0.00134,0.67352
7117,0.73987,-0.00165,0.00006,0.67267
7127,0.74103,-0.00067,-0.00128,0.67145
7137,0.74243,0.00079,-0.00214,0.66986
7147,0.74384,0.00220,-0.00256,0.66833
7157,0.74487,0.00366,-0.00262,0.66711
7167,0.74554,0.00494,-0.00281,0.66638
7177,0.74603,0.00604,-0.00330,0.66583
7187,0.74652,0.00702,-0.00378,0.66528
7197,0.74683,0.00769,-0.00409,0.66486
7207,0.74664,0.00824,-0.00433,0.66510
7217,0.74585,0.00861,-0.00488,0.66595
7227,0.74493,0.00867,-0.00580,0.66699
7238,0.74402,0.00873,-0.00677,0.66803
7248,0.74329,0.00909,-0.00769,0.66882
7258,0.74286,0.00995,-0.00848,0.66925
7267,0.74237,0.01074,-0.00879,0.66980
7277,0.74164,0.01080,-0.00897,0.67059
7288,0.74084,0.01031,-0.00922,0.67145
7297,0.73987,0.00977,-0.00958,0.67255
7308,0.73883,0.00928,-0.01013,0.67371
7318,0.73792,0.00861,-0.01080,0.67468
7327,0.73718,0.00793,-0.01166,0.67548
7337,0.73645,0.00739,-0.01239,0.67627
7347,0.73553,0.00696,-0.01282,0.67725
7358,0.73438,0.00623,-0.01306,0.67853
7367,0.73322,0.00513,-0.01312,0.67981
7378,0.73212,0.00427,-0.01312,0.68097
7387,0.73114,0.00366,-0.01318,0.68201
7398,0.73016,0.00323,-0.01343,0.68304
7407,0.72937,0.00281,-0.01392,0.68390
7417,0.72858,0.00238,-0.01459,0.68475
7428,0.72772,0.00195,-0.01526,0.68567
7438,0.72675,0.00134,-0.01569,0.68665
7447,0.72577,0.00067,-0.01611,0.68774
7457,0.72491,-0.00012,-0.01672,0.68860
7468,0.72430,-0.00049,-0.01746,0.68921
7478,0.72382,-0.00055,-0.01819,0.68970
7488,0.72333,-0.00043,-0.01874,0.69019
7498,0.72284,-0.00024,-0.01892,0.69067
7508,0.72223,-0.00018,-0.01880,0.69135
7518,0.72162,-0.00037,-0.01868,0.69196
7528,0.72125,-0.00037,-0.01874,0.69232
7537,0.72119,-0.00031,-0.01892,0.69244
7548,0.72125,-0.00037,-0.01892,0.69238
7557,0.72131,-0.00061,-0.01874,0.69232
7568,0.72131,-0.00110,-0.01825,0.69232
7577,0.72119,-0.00171,-0.01752,0.69244
7588,0.72113,-0.00226,-0.01697,0.69250
7598,0.72125,-0.00238,-0.01672,0.69244
7608,0.72150,-0.00208,-0.01666,0.69214
7617,0.72174,-0.00159,-0.01672,0.69189
7628,0.72198,-0.00140,-0.01685,0.69165
7638,0.72253,-0.00031,-0.01721,0.69104
7648,0.72266,0.00116,-0.01746,0.69092
7658,0.72241,0.00201,-0.01801,0.69116
7668,0.72192,0.00195,-0.01849,0.69165
7678,0.72144,0.00146,-0.01843,0.69220
7692,0.72089,0.00098,-0.01788,0.69281
7702,0.72052,0.00110,-0.01752,0.69312
7712,0.72040,0.00220,-0.01740,0.69324
7722,0.72015,0.00360,-0.01746,0.69354
7732,0.71973,0.00458,-0.01782,0.69397
7742,0.71924,0.00494,-0.01825,0.69446
7752,0.71863,0.00476,-0.01862,0.69507
7762,0.71796,0.00391,-0.01904,0.69580
7772,0.71729,0.00275,-0.01965,0.69641
7782,0.71692,0.00159,-0.02057,0.69684
7792,0.71674,0.00043,-0.02173,0.69696
7801,0.71661,-0.00061,-0.02301,0.69702
7811,0.71649,-0.00189,-0.02441,0.69714
7821,0.71625,-0.00342,-0.02588,0.69733
7831,0.71594,-0.00507,-0.02704,0.69757
7842,0.71558,-0.00653,-0.02777,0.69788
7852,0.71539,-0.00769,-0.02832,0.69806
7862,0.71552,-0.00800,-0.02875,0.69794
7872,0.71594,-0.00751,-0.02930,0.69745
7882,0.71661,-0.00665,-0.02997,0.69678
7891,0.71729,-0.00610,-0.03064,0.69598
7901,0.71790,-0.00616,-0.03101,0.69537
7911,0.71844,-0.00696,-0.03101,0.69482
7921,0.71887,-0.00800,-0.03076,0.69434
7931,0.71942,-0.00897,-0.03046,0.69379
7941,0.72009,-0.00946,-0.03009,0.69305
7951,0.72095,-0.00946,-0.02979,0.69226
7961,0.72186,-0.00916,-0.02942,0.69128
7972,0.72266,-0.00873,-0.02911,0.69043
7981,0.72327,-0.00830,-0.02887,0.68982
7991,0.72357,-0.00806,-0.02881,0.68958
8000,0.72351,-0.00800,-0.02899,0.68958
8010,0.72351,-0.00824,-0.02942,0.68958
8021,0.72357,-0.00854,-0.02972,0.68951
8030,0.72357,-0.00879,-0.02997,0.68945
8041,0.72357,-0.00909,-0.03027,0.68945
8050,0.72357,-0.00922,-0.03070,0.68945
8061,0.72351,-0.00916,-0.03125,0.68945
8071,0.72339,-0.00903,-0.03174,0.68958
8080,0.72321,-0.00909,-0.03198,0.68982
8093,0.72290,-0.00934,-0.03198,0.69006
8103,0.72266,-0.00958,-0.03186,0.69037
8114,0.72241,-0.00977,-0.03174,0.69061
8124,0.72205,-0.00989,-0.03186,0.69092
8134,0.72180,-0.00995,-0.03204,0.69122
8144,0.72156,-0.01001,-0.03210,0.69153
8154,0.72125,-0.01013,-0.03198,0.69177
8165,0.72095,-0.01031,-0.03180,0.69208
8175,0.72064,-0.01074,-0.03156,0.69244
8185,0.72034,-0.01135,-0.03131,0.69275
8194,0.72003,-0.01202,-0.03107,0.69305
8202,0.71985,-0.01245,-0.03064,0.69324
8212,0.71973,-0.01245,-0.03015,0.69342
8221,0.71967,-0.01215,-0.02966,0.69348
8231,0.71973,-0.01184,-0.02924,0.69348
8242,0.71991,-0.01172,-0.02887,0.69336
8252,0.72003,-0.01190,-0.02850,0.69318
8261,0.72021,-0.01245,-0.02814,0.69305
8271,0.72028,-0.01312,-0.02777,0.69293
8281,0.72028,-0.01379,-0.02747,0.69299
8293,0.72009,-0.01453,-0.02704,0.69318
8304,0.71985,-0.01501,-0.02661,0.69336
8314,0.71973,-0.01532,-0.02618,0.69348
8325,0.71979,-0.01526,-0.02563,0.69348
8335,0.71997,-0.01477,-0.02490,0.69336
8345,0.72009,-0.01422,-0.02411,0.69324
8355,0.72028,-0.01367,-0.02338,0.69305
8365,0.72046,-0.01312,-0.02277,0.69293
8376,0.72058,-0.01276,-0.02222,0.69287
8386,0.72058,-0.01276,-0.02179,0.69281
8395,0.72064,-0.01288,-0.02136,0.69281
8404,0.72064,-0.01324,-0.02087,0.69281
8413,0.72058,-0.01361,-0.02020,0.69287
8422,0.72052,-0.01398,-0.01965,0.69299
8432,0.72046,-0.01422,-0.01923,0.69305
8442,0.72040,-0.01422,-0.01898,0.69312
8452,0.72040,-0.01422,-0.01886,0.69312
8462,0.72046,-0.01434,-0.01892,0.69305
8472,0.72052,-0.01483,-0.01892,0.69293
8482,0.72058,-0.01562,-0.01880,0.69287
8492,0.72052,-0.01660,-0.01868,0.69287
8502,0.72052,-0.01752,-0.01855,0.69293
8512,0.72052,-0.01801,-0.01843,0.69293
8522,0.72052,-0.01813,-0.01825,0.69287
8532,0.72058,-0.01807,-0.01794,0.69287
8542,0.72064,-0.01825,-0.01727,0.69281
8552,0.72076,-0.01886,-0.01624,0.69269
8563,0.72089,-0.01953,-0.01508,0.69257
8573,0.72101,-0.01984,-0.01416,0.69244
8583,0.72101,-0.01941,-0.01392,0.69244
8592,0.72101,-0.01904,-0.01404,0.69244
8602,0.72107,-0.01904,-0.01398,0.69238
8613,0.72113,-0.01929,-0.01367,0.69232
8623,0.72113,-0.01947,-0.01343,0.69232
8633,0.72113,-0.01959,-0.01337,0.69238
8643,0.72107,-0.01971,-0.01343,0.69238
8653,0.72107,-0.01990,-0.01343,0.69238
8662,0.72107,-0.02002,-0.01337,0.69238
8672,0.72107,-0.02014,-0.01324,0.69238
8682,0.72101,-0.02026,-0.01306,0.69244
8693,0.72101,-0.02026,-0.01288,0.69244
8702,0.72101,-0.02002,-0.01263,0.69244
8712,0.72101,-0.01965,-0.01239,0.69244
8721,0.72101,-0.01923,-0.01221,0.69244
8732,0.72101,-0.01880,-0.01208,0.69250
8742,0.72101,-0.01849,-0.01196,0.69250
8752,0.72101,-0.01837,-0.01184,0.69250
8761,0.72101,-0.01819,-0.01172,0.69257
8772,0.72101,-0.01807,-0.01166,0.69257
8782,0.72095,-0.01794,-0.01154,0.69257
8792,0.72095,-0.01788,-0.01141,0.69257
8803,0.72095,-0.01776,-0.01123,0.69263
8813,0.72095,-0.01770,-0.01111,0.69263
8823,0.72095,-0.01758,-0.01093,0.69263
8833,0.72095,-0.01752,-0.01080,0.69263
8843,0.72095,-0.01746,-0.01068,0.69263
8853,0.72095,-0.01746,-0.01062,0.69263
8863,0.72095,-0.01746,-0.01062,0.69263
8873,0.72095,-0.01740,-0.01056,0.69263
8883,0.72095,-0.01727,-0.01056,0.69269
8893,0.72095,-0.01709,-0.01050,0.69269
8902,0.72089,-0.01691,-0.01044,0.69269
8912,0.72089,-0.01666,-0.01038,0.69269
8922,0.72089,-0.01648,-0.01038,0.69269
8932,0.72089,-0.01636,-0.01031,0.69269
8942,0.72089,-0.01630,-0.01031,0.69269
8952,0.72089,-0.01630,-0.01025,0.69269
8962,0.72089,-0.01624,-0.01019,0.69269
8972,0.72089,-0.01617,-0.01013,0.69275
8982,0.72089,-0.01611,-0.01001,0.69275
8992,0.72089,-0.01605,-0.00989,0.69275
9003,0.72089,-0.01587,-0.00977,0.69275
9013,0.72089,-0.01575,-0.00964,0.69275
9023,0.72089,-0.01569,-0.00946,0.69275
9033,0.72089,-0.01550,-0.00934,0.69281
9043,0.72089,-0.01538,-0.00922,0.69281
9053,0.72089,-0.01532,-0.00916,0.69281
9064,0.72089,-0.01514,-0.00903,0.69281
9073,0.72083,-0.01501,-0.00885,0.69281
9083,0.72083,-0.01495,-0.00873,0.69281
9093,0.72083,-0.01483,-0.00854,0.69281
9104,0.72083,-0.01465,-0.00842,0.69281
9114,0.72083,-0.01453,-0.00830,0.69281
9123,0.72083,-0.01440,-0.00824,0.69287
9133,0.72083,-0.01428,-0.00818,0.69287
9143,0.72083,-0.01428,-0.00812,0.69287
9153,0.72083,-0.01422,-0.00812,0.69287
9164,0.72083,-0.01422,-0.00806,0.69287
9173,0.72083,-0.01428,-0.00806,0.69287
9183,0.72076,-0.01428,-0.00800,0.69287
9193,0.72076,-0.01422,-0.00800,0.69293
9201,0.72076,-0.01422,-0.00793,0.69293
9211,0.72076,-0.01416,-0.00787,0.69293
9222,0.72076,-0.01410,-0.00787,0.69293
9231,0.72076,-0.01404,-0.00787,0.69293
9241,0.72076,-0.01404,-0.00781,0.69299
9251,0.72070,-0.01392,-0.00769,0.69299
9261,0.72070,-0.01385,-0.00763,0.69299
9272,0.72070,-0.01379,-0.00757,0.69299
9281,0.72070,-0.01373,-0.00757,0.69299
9291,0.72070,-0.01373,-0.00763,0.69299
9302,0.72070,-0.01379,-0.00763,0.69299
9313,0.72070,-0.01385,-0.00769,0.69299
9324,0.72070,-0.01392,-0.00775,0.69299
9333,0.72070,-0.01404,-0.00775,0.69299
9343,0.72070,-0.01410,-0.00775,0.69299
9353,0.72070,-0.01410,-0.00775,0.69299
9363,0.72064,-0.01404,-0.00769,0.69305
9373,0.72064,-0.01398,-0.00763,0.69305
9384,0.72064,-0.01392,-0.00751,0.69305
9394,0.72064,-0.01385,-0.00751,0.69305
9404,0.72064,-0.01385,-0.00751,0.69305
9414,0.72064,-0.01385,-0.00751,0.69305
9424,0.72064,-0.01392,-0.00757,0.69305
9433,0.72064,-0.01398,-0.00757,0.69305
9443,0.72064,-0.01398,-0.00763,0.69305
9453,0.72064,-0.01404,-0.00763,0.69305
9463,0.72064,-0.01404,-0.00757,0.69305
9473,0.72064,-0.01404,-0.00757,0.69305
9483,0.72064,-0.01398,-0.00751,0.69305
9493,0.72064,-0.01392,-0.00751,0.69312
9503,0.72058,-0.01385,-0.00751,0.69312
9512,0.72058,-0.01379,-0.00751,0.69312
9522,0.72058,-0.01379,-0.00751,0.69318
9532,0.72052,-0.01379,-0.00751,0.69318
9543,0.72052,-0.01379,-0.00745,0.69318
9553,0.72052,-0.01392,-0.00739,0.69318
9563,0.72052,-0.01398,-0.00739,0.69324
9572,0.72052,-0.01404,-0.00732,0.69324
9582,0.72052,-0.01416,-0.00726,0.69324
9592,0.72052,-0.01422,-0.00720,0.69324
9603,0.72052,-0.01422,-0.00714,0.69324
9613,0.72046,-0.01428,-0.00708,0.69324
9622,0.72046,-0.01428,-0.00702,0.69324
9632,0.72046,-0.01428,-0.00702,0.69324
9643,0.72046,-0.01428,-0.00702,0.69324
9653,0.72046,-0.01428,-0.00702,0.69324
9663,0.72046,-0.01428,-0.00696,0.69324
9672,0.72046,-0.01434,-0.00696,0.69324
9682,0.72046,-0.01434,-0.00696,0.69324
9692,0.72046,-0.01453,-0.00696,0.69324
9703,0.72046,-0.01453,-0.00696,0.69324
9714,0.72046,-0.01453,-0.00702,0.69324
9724,0.72046,-0.01453,-0.00702,0.69324
9734,0.72046,-0.01459,-0.00708,0.69324
9744,0.72046,-0.01459,-0.00714,0.69324
9754,0.72046,-0.01459,-0.00714,0.69324
9764,0.72046,-0.01453,-0.00708,0.69324
9774,0.72046,-0.01447,-0.00708,0.69330
9784,0.72046,-0.01440,-0.00702,0.69330
9794,0.72046,-0.01434,-0.00702,0.69330
9804,0.72046,-0.01434,-0.00702,0.69330
9814,0.72046,-0.01434,-0.00708,0.69330
9824,0.72046,-0.01434,-0.00714,0.69330
9834,0.72046,-0.01440,-0.00720,0.69330
9844,0.72040,-0.01440,-0.00726,0.69330
9854,0.72040,-0.01434,-0.00726,0.69330
9863,0.72040,-0.01434,-0.00726,0.69330
9874,0.72040,-0.01434,-0.00726,0.69330
9884,0.72040,-0.01434,-0.00726,0.69330
9894,0.72040,-0.01434,-0.00732,0.69330
9904,0.72040,-0.01434,-0.00732,0.69330
9914,0.72040,-0.01440,-0.00732,0.69330
9924,0.72040,-0.01440,-0.00732,0.69330
9934,0.72040,-0.01447,-0.00739,0.69330
9944,0.72040,-0.01447,-0.00739,0.69330
9954,0.72040,-0.01440,-0.00745,0.69330
9964,0.72040,-0.01440,-0.00745,0.69330
9974,0.72040,-0.01428,-0.00745,0.69330
9984,0.72040,-0.01422,-0.00745,0.69330
9994,0.72040,-0.01416,-0.00745,0.69330
10004,0.72040,-0.01410,-0.00751,0.69330
10014,0.72040,-0.01410,-0.00751,0.69330
10024,0.72040,-0.01410,-0.00745,0.69330
10034,0.72040,-0.01398,-0.00739,0.69330
10044,0.72040,-0.01392,-0.00726,0.69330
10054,0.72040,-0.01392,-0.00720,0.69336
10064,0.72040,-0.01385,-0.00714,0.69336
10074,0.72040,-0.01373,-0.00702,0.69336
10084,0.72034,-0.01361,-0.00696,0.69336
10094,0.72034,-0.01343,-0.00684,0.69336
10104,0.72034,-0.01331,-0.00671,0.69342
10113,0.72034,-0.01318,-0.00659,0.69342
10123,0.72034,-0.01312,-0.00647,0.69342
10133,0.72034,-0.01306,-0.00641,0.69342
10143,0.72034,-0.01300,-0.00629,0.69342
10153,0.72034,-0.01294,-0.00623,0.69342
10163,0.72034,-0.01288,-0.00616,0.69342
10173,0.72028,-0.01288,-0.00610,0.69342
10183,0.72028,-0.01282,-0.00604,0.69348
10193,0.72028,-0.01270,-0.00598,0.69348
10203,0.72028,-0.01263,-0.00604,0.69348
10214,0.72028,-0.01251,-0.00604,0.69348
10224,0.72028,-0.01245,-0.00604,0.69348
10234,0.72028,-0.01227,-0.00598,0.69348
10244,0.72028,-0.01208,-0.00592,0.69348
10254,0.72028,-0.01190,-0.00592,0.69348
10264,0.72028,-0.01184,-0.00592,0.69348
10274,0.72028,-0.01178,-0.00598,0.69348
10284,0.72028,-0.01172,-0.00592,0.69354
10294,0.72028,-0.01160,-0.00586,0.69354
10304,0.72021,-0.01147,-0.00574,0.69354
10314,0.72021,-0.01129,-0.00555,0.69354
10324,0.72021,-0.01111,-0.00531,0.69360
10335,0.72015,-0.01099,-0.00513,0.69360
10344,0.72015,-0.01080,-0.00488,0.69366
10354,0.72015,-0.01062,-0.00476,0.69366
10364,0.72009,-0.01050,-0.00458,0.69366
10374,0.72009,-0.01038,-0.00452,0.69373
10384,0.72009,-0.01044,-0.00452,0.69373
10394,0.72009,-0.01044,-0.00446,0.69373
10404,0.72009,-0.01044,-0.00439,0.69373
10413,0.72009,-0.01050,-0.00433,0.69373
10423,0.72009,-0.01050,-0.00421,0.69373
10433,0.72003,-0.01044,-0.00403,0.69379
10443,0.72003,-0.01031,-0.00385,0.69379
10453,0.72003,-0.01019,-0.00372,0.69379
10463,0.72003,-0.01001,-0.00360,0.69379
10473,0.71997,-0.00989,-0.00354,0.69385
10483,0.71997,-0.00977,-0.00348,0.69385
10493,0.71997,-0.00964,-0.00342,0.69385
10504,0.71997,-0.00958,-0.00342,0.69391
10514,0.71997,-0.00964,-0.00348,0.69391
10524,0.71997,-0.00970,-0.00354,0.69391
10534,0.71997,-0.00970,-0.00360,0.69391
10544,0.71997,-0.00983,-0.00366,0.69385
10554,0.71997,-0.00983,-0.00372,0.69385
10564,0.71997,-0.00977,-0.00378,0.69385
10575,0.71997,-0.00970,-0.00385,0.69391
10587,0.71997,-0.00964,-0.00391,0.69391
10596,0.71997,-0.00958,-0.00397,0.69391
10605,0.71991,-0.00952,-0.00409,0.69391
10614,0.71991,-0.00940,-0.00415,0.69391
10628,0.71991,-0.00934,-0.00421,0.69391
10637,0.71991,-0.00922,-0.00427,0.69391
10646,0.71991,-0.00909,-0.00427,0.69391
10655,0.71991,-0.00891,-0.00415,0.69391
10665,0.71991,-0.00873,-0.00409,0.69391
10675,0.71991,-0.00867,-0.00403,0.69391
10685,0.71991,-0.00867,-0.00403,0.69397
10695,0.71991,-0.00879,-0.00403,0.69397
10705,0.71991,-0.00885,-0.00409,0.69397
10716,0.71991,-0.00891,-0.00421,0.69397
10726,0.71991,-0.00897,-0.00439,0.69397
10736,0.71991,-0.00903,-0.00458,0.69397
10746,0.71991,-0.00909,-0.00482,0.69397
10757,0.71991,-0.00916,-0.00507,0.69397
10767,0.71991,-0.00916,-0.00525,0.69397
10777,0.71991,-0.00916,-0.00549,0.69391
10788,0.71991,-0.00928,-0.00568,0.69391
10798,0.71991,-0.00946,-0.00580,0.69391
10808,0.71991,-0.00958,-0.00592,0.69391
10817,0.71991,-0.00970,-0.00604,0.69391
10825,0.71991,-0.00983,-0.00616,0.69391
10833,0.71991,-0.00989,-0.00623,0.69391
10843,0.71997,-0.01001,-0.00635,0.69385
10854,0.71997,-0.01025,-0.00647,0.69385
10864,0.71997,-0.01050,-0.00659,0.69385
10874,0.72003,-0.01086,-0.00671,0.69379
10883,0.72003,-0.01123,-0.00684,0.69379
10893,0.72003,-0.01154,-0.00690,0.69379
10904,0.72003,-0.01178,-0.00684,0.69373
10915,0.72003,-0.01190,-0.00671,0.69373
10925,0.72003,-0.01190,-0.00659,0.69373
10936,0.72003,-0.01190,-0.00653,0.69373
10946,0.72003,-0.01184,-0.00641,0.69373
10956,0.72003,-0.01184,-0.00629,0.69373
10967,0.72003,-0.01178,-0.00616,0.69373
10977,0.72003,-0.01178,-0.00604,0.69373
10987,0.72003,-0.01178,-0.00592,0.69373
10998,0.72003,-0.01190,-0.00586,0.69373
11008,0.72003,-0.01196,-0.00580,0.69373
11016,0.72003,-0.01202,-0.00568,0.69373
11024,0.72003,-0.01208,-0.00562,0.69373
11034,0.72003,-0.01208,-0.00549,0.69373
11044,0.72003,-0.01221,-0.00537,0.69373
11054,0.72003,-0.01251,-0.00525,0.69373
11064,0.72003,-0.01288,-0.00500,0.69373
11074,0.71997,-0.01324,-0.00476,0.69379
11084,0.71991,-0.01367,-0.00458,0.69385
11094,0.71979,-0.01404,-0.00439,0.69397
11104,0.71954,-0.01447,-0.00421,0.69421
11113,0.71906,-0.01514,-0.00372,0.69470
11124,0.71838,-0.01624,-0.00293,0.69537
11134,0.71765,-0.01770,-0.00183,0.69611
11144,0.71680,-0.01947,-0.00024,0.69690
11154,0.71594,-0.02130,0.00128,0.69781
11163,0.71503,-0.02283,0.00262,0.69867
11174,0.71417,-0.02374,0.00342,0.69952
11184,0.71338,-0.02405,0.00360,0.70026
11194,0.71271,-0.02399,0.00348,0.70093
11204,0.71216,-0.02368,0.00317,0.70154
11213,0.71167,-0.02332,0.00299,0.70209
11223,0.71124,-0.02264,0.00293,0.70251
11233,0.71094,-0.02142,0.00287,0.70288
11243,0.71069,-0.01959,0.00275,0.70319
11253,0.71051,-0.01740,0.00250,0.70343
11263,0.71027,-0.01538,0.00208,0.70367
11273,0.70996,-0.01392,0.00134,0.70404
11283,0.70959,-0.01324,0.00049,0.70447
11293,0.70917,-0.01306,-0.00067,0.70490
11304,0.70874,-0.01300,-0.00189,0.70532
11314,0.70837,-0.01257,-0.00323,0.70569
11324,0.70795,-0.01178,-0.00458,0.70612
11334,0.70752,-0.01062,-0.00586,0.70648
11344,0.70715,-0.00916,-0.00684,0.70691
11355,0.70685,-0.00745,-0.00757,0.70721
11365,0.70654,-0.00568,-0.00800,0.70752
11375,0.70630,-0.00415,-0.00861,0.70782
11385,0.70599,-0.00299,-0.00958,0.70813
11395,0.70563,-0.00238,-0.01093,0.70844
11405,0.70526,-0.00220,-0.01245,0.70874
11414,0.70496,-0.00220,-0.01392,0.70905
11424,0.70477,-0.00226,-0.01532,0.70923
11434,0.70465,-0.00232,-0.01666,0.70929
11444,0.70453,-0.00244,-0.01770,0.70941
11454,0.70435,-0.00256,-0.01837,0.70953
11464,0.70435,-0.00238,-0.01880,0.70953
11474,0.70447,-0.00195,-0.01910,0.70941
11484,0.70459,-0.00128,-0.01953,0.70929
11494,0.70453,-0.00073,-0.02026,0.70935
11504,0.70465,-0.00043,-0.02130,0.70917
11514,0.70496,-0.00018,-0.02222,0.70886
11525,0.70538,-0.00006,-0.02307,0.70844
11536,0.70587,0.00000,-0.02386,0.70789
11546,0.70648,0.00012,-0.02472,0.70728
11556,0.70715,0.00037,-0.02551,0.70654
11566,0.70789,0.00061,-0.02618,0.70581
11576,0.70868,0.00104,-0.02655,0.70502
11585,0.70959,0.00189,-0.02686,0.70404
11595,0.71063,0.00311,-0.02759,0.70294
11606,0.71173,0.00427,-0.02881,0.70178
11615,0.71265,0.00470,-0.03052,0.70074
11626,0.71344,0.00403,-0.03235,0.69989
11636,0.71405,0.00220,-0.03400,0.69922
11646,0.71454,-0.00031,-0.03534,0.69861
11656,0.71509,-0.00287,-0.03644,0.69800
11666,0.71558,-0.00513,-0.03741,0.69745
11676,0.71600,-0.00665,-0.03821,0.69696
11686,0.71631,-0.00745,-0.03900,0.69659
11695,0.71649,-0.00763,-0.03986,0.69635
11705,0.71655,-0.00732,-0.04071,0.69623
11715,0.71667,-0.00732,-0.04144,0.69604
11724,0.71698,-0.00806,-0.04205,0.69574
11734,0.71735,-0.00952,-0.04230,0.69525
11744,0.71783,-0.01178,-0.04205,0.69476
11755,0.71832,-0.01447,-0.04150,0.69427
11765,0.71869,-0.01715,-0.04083,0.69385
11774,0.71912,-0.01965,-0.04034,0.69342
11784,0.71948,-0.02167,-0.04004,0.69293
11794,0.71997,-0.02295,-0.03986,0.69244
11805,0.72040,-0.02386,-0.03967,0.69196
11815,0.72083,-0.02448,-0.03925,0.69153
11826,0.72107,-0.02515,-0.03857,0.69122
11837,0.72156,-0.02600,-0.03790,0.69080
11847,0.72241,-0.02679,-0.03705,0.68988
11857,0.72357,-0.02734,-0.03595,0.68872
11867,0.72473,-0.02753,-0.03479,0.68756
11878,0.72577,-0.02740,-0.03375,0.68646
11888,0.72675,-0.02716,-0.03302,0.68555
11898,0.72748,-0.02710,-0.03247,0.68475
11908,0.72803,-0.02734,-0.03180,0.68420
11919,0.72845,-0.02783,-0.03094,0.68378
11928,0.72882,-0.02863,-0.03021,0.68341
11937,0.72919,-0.02972,-0.02942,0.68298
11946,0.72961,-0.03101,-0.02869,0.68243
11956,0.73016,-0.03223,-0.02814,0.68188
11966,0.73071,-0.03314,-0.02795,0.68127
11976,0.73120,-0.03363,-0.02832,0.68066
11986,0.73187,-0.03357,-0.02911,0.67993
11996,0.73254,-0.03333,-0.02997,0.67920
12006,0.73328,-0.03333,-0.03070,0.67834
12016,0.73431,-0.03375,-0.03119,0.67719
12024,0.73566,-0.03436,-0.03107,0.67566
12034,0.73706,-0.03522,-0.03040,0.67419
12044,0.73828,-0.03613,-0.02942,0.67285
12054,0.73920,-0.03680,-0.02850,0.67181
12064,0.73969,-0.03741,-0.02771,0.67126
12074,0.73969,-0.03815,-0.02692,0.67126
12084,0.73950,-0.03937,-0.02637,0.67145
12094,0.73950,-0.04102,-0.02570,0.67133
12104,0.73999,-0.04266,-0.02454,0.67078
12114,0.74078,-0.04407,-0.02295,0.66986
12125,0.74182,-0.04498,-0.02130,0.66864
12136,0.74292,-0.04486,-0.01965,0.66754
12146,0.74371,-0.04388,-0.01825,0.66675
12156,0.74426,-0.04242,-0.01721,0.66626
12166,0.74475,-0.04089,-0.01648,0.66583
12176,0.74524,-0.03967,-0.01581,0.66541
12186,0.74548,-0.03918,-0.01501,0.66516
12196,0.74548,-0.03967,-0.01416,0.66510
12206,0.74542,-0.04083,-0.01355,0.66516
12216,0.74536,-0.04199,-0.01300,0.66516
12226,0.74542,-0.04266,-0.01251,0.66504
12236,0.74542,-0.04285,-0.01196,0.66504
12245,0.74536,-0.04260,-0.01129,0.66516
12255,0.74542,-0.04199,-0.01056,0.66516
12265,0.74573,-0.04089,-0.00977,0.66486
12276,0.74628,-0.03949,-0.00885,0.66437
12285,0.74695,-0.03839,-0.00800,0.66370
12296,0.74762,-0.03772,-0.00714,0.66296
12306,0.74817,-0.03760,-0.00623,0.66235
12316,0.74854,-0.03815,-0.00525,0.66193
12328,0.74854,-0.03925,-0.00433,0.66187
12337,0.74805,-0.04071,-0.00366,0.66235
12346,0.74731,-0.04230,-0.00348,0.66302
12356,0.74683,-0.04346,-0.00397,0.66351
12366,0.74658,-0.04364,-0.00488,0.66382
12376,0.74658,-0.04285,-0.00592,0.66382
12386,0.74695,-0.04120,-0.00720,0.66351
12396,0.74756,-0.03912,-0.00830,0.66290
12406,0.74835,-0.03711,-0.00885,0.66217
12416,0.74902,-0.03571,-0.00885,0.66144
12426,0.74957,-0.03503,-0.00842,0.66089
12435,0.75012,-0.03497,-0.00781,0.66022
12444,0.75067,-0.03491,-0.00720,0.65961
12455,0.75122,-0.03448,-0.00677,0.65906
12465,0.75165,-0.03345,-0.00659,0.65857
12475,0.75214,-0.03174,-0.00671,0.65814
12485,0.75250,-0.02997,-0.00702,0.65784
12495,0.75269,-0.02881,-0.00714,0.65765
12505,0.75281,-0.02832,-0.00690,0.65753
12515,0.75287,-0.02856,-0.00629,0.65747
12526,0.75281,-0.02917,-0.00555,0.65747
12536,0.75275,-0.02991,-0.00476,0.65759
12546,0.75262,-0.03107,-0.00385,0.65765
12556,0.75262,-0.03296,-0.00220,0.65753
12566,0.75275,-0.03522,0.00000,0.65729
12576,0.75275,-0.03729,0.00220,0.65723
12586,0.75262,-0.03778,0.00299,0.65729
12596,0.75275,-0.03662,0.00195,0.65723
12606,0.75305,-0.03595,0.00104,0.65692
12618,0.75342,-0.03601,0.00153,0.65649
12627,0.75372,-0.03589,0.00214,0.65613
12636,0.75403,-0.03564,0.00214,0.65576
12646,0.75439,-0.03552,0.00226,0.65540
12656,0.75464,-0.03540,0.00250,0.65515
12666,0.75464,-0.03516,0.00256,0.65515
12676,0.75458,-0.03491,0.00244,0.65527
12686,0.75446,-0.03467,0.00226,0.65533
12696,0.75446,-0.03442,0.00201,0.65540
12706,0.75439,-0.03412,0.00177,0.65546
12716,0.75439,-0.03412,0.00140,0.65546
12726,0.75433,-0.03400,0.00110,0.65552
12736,0.75433,-0.03387,0.00079,0.65558
12746,0.75427,-0.03363,0.00037,0.65564
12756,0.75427,-0.03339,-0.00006,0.65570
12766,0.75421,-0.03326,-0.00049,0.65570
12776,0.75421,-0.03326,-0.00085,0.65570
12786,0.75421,-0.03320,-0.00122,0.65570
12796,0.75421,-0.03308,-0.00153,0.65576
12806,0.75421,-0.03302,-0.00183,0.65576
12816,0.75421,-0.03302,-0.00214,0.65576
12826,0.75421,-0.03290,-0.00232,0.65576
12836,0.75421,-0.03271,-0.00238,0.65576
12846,0.75421,-0.03247,-0.00250,0.65576
12856,0.75421,-0.03217,-0.00250,0.65576
12866,0.75421,-0.03186,-0.00244,0.65576
12876,0.75421,-0.03162,-0.00244,0.65576
12887,0.75421,-0.03137,-0.00244,0.65582
12897,0.75421,-0.03125,-0.00244,0.65582
12907,0.75421,-0.03119,-0.00244,0.65582
12917,0.75421,-0.03119,-0.00244,0.65582
12927,0.75415,-0.03119,-0.00244,0.65588
12937,0.75415,-0.03125,-0.00244,0.65588
12947,0.75415,-0.03125,-0.00238,0.65588
12957,0.75415,-0.03119,-0.00238,0.65588
12967,0.75415,-0.03113,-0.00232,0.65588
12977,0.75415,-0.03107,-0.00232,0.65588
12987,0.75415,-0.03107,-0.00226,0.65588
12997,0.75415,-0.03113,-0.00220,0.65594
13007,0.75409,-0.03119,-0.00214,0.65594
13017,0.75409,-0.03131,-0.00208,0.65594
13027,0.75409,-0.03137,-0.00201,0.65594
13037,0.75409,-0.03137,-0.00195,0.65594
13047,0.75409,-0.03131,-0.00183,0.65594
13057,0.75409,-0.03131,-0.00177,0.65601
13067,0.75403,-0.03131,-0.00171,0.65601
13077,0.75403,-0.03137,-0.00171,0.65601
13087,0.75403,-0.03137,-0.00177,0.65607
13097,0.75397,-0.03143,-0.00177,0.65607
13107,0.75397,-0.03156,-0.00183,0.65607
13117,0.75397,-0.03168,-0.00189,0.65607
13127,0.75397,-0.03180,-0.00195,0.65607
13137,0.75397,-0.03192,-0.00201,0.65607
13148,0.75397,-0.03204,-0.00208,0.65607
13158,0.75391,-0.03217,-0.00208,0.65607
13168,0.75391,-0.03217,-0.00214,0.65613
13178,0.75391,-0.03217,-0.00220,0.65613
13188,0.75391,-0.03223,-0.00220,0.65613
13199,0.75391,-0.03223,-0.00226,0.65613
13209,0.75391,-0.03223,-0.00232,0.65613
13219,0.75391,-0.03229,-0.00238,0.65613
13229,0.75391,-0.03235,-0.00238,0.65613
13238,0.75391,-0.03241,-0.00244,0.65613
13247,0.75391,-0.03247,-0.00244,0.65613
13257,0.75391,-0.03247,-0.00244,0.65613
13267,0.75391,-0.03247,-0.00238,0.65613
13277,0.75385,-0.03247,-0.00232,0.65613
13286,0.75385,-0.03241,-0.00226,0.65619
13296,0.75385,-0.03241,-0.00226,0.65619
13306,0.75385,-0.03241,-0.00220,0.65619
13316,0.75385,-0.03241,-0.00214,0.65619
13326,0.75385,-0.03241,-0.00214,0.65619
13335,0.75385,-0.03241,-0.00208,0.65619
13346,0.75385,-0.03235,-0.00201,0.65619
13356,0.75385,-0.03235,-0.00195,0.65619
13366,0.75378,-0.03235,-0.00195,0.65625
13376,0.75378,-0.03235,-0.00195,0.65625
13385,0.75378,-0.03235,-0.00195,0.65625
13395,0.75378,-0.03235,-0.00195,0.65625
13406,0.75378,-0.03235,-0.00195,0.65625
13416,0.75378,-0.03235,-0.00201,0.65625
13426,0.75378,-0.03229,-0.00195,0.65625
13438,0.75378,-0.03229,-0.00189,0.65625
13448,0.75378,-0.03223,-0.00189,0.65625
13459,0.75378,-0.03217,-0.00183,0.65625
13469,0.75378,-0.03217,-0.00177,0.65625
13479,0.75378,-0.03217,-0.00177,0.65631
13489,0.75378,-0.03210,-0.00171,0.65631
13499,0.75378,-0.03210,-0.00171,0.65631
13510,0.75372,-0.03210,-0.00171,0.65631
13520,0.75372,-0.03204,-0.00171,0.65631
13530,0.75372,-0.03198,-0.00165,0.65631
13539,0.75372,-0.03192,-0.00165,0.65631
13548,0.75372,-0.03186,-0.00165,0.65637
13557,0.75372,-0.03186,-0.00165,0.65637
13567,0.75372,-0.03186,-0.00165,0.65637
13577,0.75372,-0.03186,-0.00165,0.65637
13587,0.75372,-0.03186,-0.00165,0.65637
13597,0.75372,-0.03186,-0.00165,0.65637
13607,0.75366,-0.03186,-0.00159,0.65637
13617,0.75366,-0.03186,-0.00159,0.65643
13627,0.75366,-0.03186,-0.00153,0.65643
13637,0.75366,-0.03186,-0.00153,0.65643
13647,0.75366,-0.03186,-0.00153,0.65643
13657,0.75366,-0.03186,-0.00146,0.65643
13667,0.75366,-0.03186,-0.00146,0.65643
13677,0.75366,-0.03186,-0.00146,0.65643
13687,0.75366,-0.03186,-0.00140,0.65643
13697,0.75360,-0.03192,-0.00140,0.65649
13707,0.75360,-0.03192,-0.00134,0.65649
13717,0.75360,-0.03192,-0.00128,0.65649
13727,0.75360,-0.03192,-0.00122,0.65649
13737,0.75360,-0.03192,-0.00116,0.65649
13747,0.75360,-0.03192,-0.00116,0.65656
13757,0.75354,-0.03192,-0.00110,0.65656
13767,0.75354,-0.03192,-0.00104,0.65656
13777,0.75354,-0.03192,-0.00104,0.65662
13787,0.75348,-0.03192,-0.00104,0.65662
13797,0.75348,-0.03192,-0.00098,0.65662
13807,0.75348,-0.03192,-0.00104,0.65662
13817,0.75348,-0.03198,-0.00104,0.65662
13827,0.75348,-0.03198,-0.00104,0.65662
13837,0.75348,-0.03204,-0.00110,0.65668
13847,0.75348,-0.03204,-0.00104,0.65668
13857,0.75348,-0.03204,-0.00110,0.65668
13867,0.75342,-0.03204,-0.00110,0.65668
13877,0.75342,-0.03204,-0.00110,0.65668
13887,0.75342,-0.03210,-0.00110,0.65668
13897,0.75342,-0.03217,-0.00110,0.65668
13907,0.75342,-0.03217,-0.00116,0.65668
13917,0.75342,-0.03217,-0.00116,0.65668
13927,0.75342,-0.03223,-0.00122,0.65668
13938,0.75342,-0.03223,-0.00128,0.65668
13949,0.75342,-0.03229,-0.00134,0.65668
13959,0.75342,-0.03235,-0.00134,0.65668
13969,0.75342,-0.03241,-0.00140,0.65668
13979,0.75342,-0.03241,-0.00140,0.65668
13990,0.75342,-0.03247,-0.00140,0.65668
14000,0.75342,-0.03253,-0.00146,0.65668
14010,0.75342,-0.03259,-0.00146,0.65668
14020,0.75342,-0.03259,-0.00146,0.65668
14031,0.75342,-0.03265,-0.00146,0.65668
14040,0.75342,-0.03265,-0.00146,0.65668
14049,0.75342,-0.03271,-0.00153,0.65668
14058,0.75342,-0.03271,-0.00153,0.65668
14067,0.75342,-0.03271,-0.00153,0.65668
14078,0.75342,-0.03271,-0.00153,0.65668
14087,0.75342,-0.03271,-0.00146,0.65668
14098,0.75342,-0.03278,-0.00146,0.65668
14108,0.75342,-0.03278,-0.00140,0.65668
14117,0.75336,-0.03284,-0.00140,0.65668
14127,0.75336,-0.03290,-0.00140,0.65668
14137,0.75336,-0.03290,-0.00140,0.65668
14147,0.75336,-0.03296,-0.00140,0.65668
14157,0.75336,-0.03296,-0.00140,0.65668
14167,0.75336,-0.03296,-0.00140,0.65668
14177,0.75336,-0.03296,-0.00140,0.65668
14187,0.75336,-0.03296,-0.00140,0.65668
14197,0.75336,-0.03296,-0.00140,0.65668
14207,0.75336,-0.03296,-0.00140,0.65668
14217,0.75336,-0.03296,-0.00140,0.65668
14227,0.75336,-0.03296,-0.00134,0.65668
14237,0.75336,-0.03302,-0.00134,0.65668
14247,0.75336,-0.03302,-0.00134,0.65668
14257,0.75336,-0.03302,-0.00134,0.65668
14267,0.75342,-0.03302,-0.00134,0.65668
14277,0.75336,-0.03302,-0.00134,0.65668
14287,0.75336,-0.03302,-0.00134,0.65668
14298,0.75336,-0.03302,-0.00128,0.65668
14308,0.75336,-0.03302,-0.00128,0.65668
14317,0.75336,-0.03296,-0.00122,0.65668
14327,0.75336,-0.03296,-0.00122,0.65668
14338,0.75336,-0.03296,-0.00116,0.65668
14348,0.75336,-0.03296,-0.00110,0.65668
14358,0.75336,-0.03296,-0.00110,0.65674
14368,0.75336,-0.03302,-0.00110,0.65674
14378,0.75336,-0.03308,-0.00116,0.65674
14387,0.75336,-0.03314,-0.00122,0.65674
14398,0.75336,-0.03314,-0.00122,0.65674
14408,0.75336,-0.03320,-0.00128,0.65674
14418,0.75336,-0.03320,-0.00128,0.65674
14428,0.75336,-0.03320,-0.00122,0.65674
14438,0.75336,-0.03320,-0.00122,0.65674
14448,0.75336,-0.03320,-0.00122,0.65674
14458,0.75336,-0.03314,-0.00122,0.65674
14468,0.75336,-0.03314,-0.00122,0.65674
14478,0.75336,-0.03314,-0.00122,0.65674
14488,0.75336,-0.03314,-0.00122,0.65674
14498,0.75336,-0.03320,-0.00116,0.65674
14508,0.75336,-0.03320,-0.00116,0.65674
14518,0.75330,-0.03320,-0.00116,0.65674
14528,0.75330,-0.03320,-0.00116,0.65674
14538,0.75330,-0.03320,-0.00116,0.65674
14549,0.75330,-0.03326,-0.00122,0.65680
14559,0.75330,-0.03326,-0.00122,0.65680
14570,0.75330,-0.03333,-0.00122,0.65680
14580,0.75330,-0.03339,-0.00122,0.65680
14590,0.75330,-0.03345,-0.00128,0.65680
14600,0.75330,-0.03345,-0.00128,0.65680
14611,0.75330,-0.03351,-0.00128,0.65680
14621,0.75330,-0.03351,-0.00128,0.65680
14631,0.75330,-0.03357,-0.00122,0.65680
14641,0.75330,-0.03351,-0.00122,0.65680
14650,0.75330,-0.03351,-0.00122,0.65680
14659,0.75330,-0.03351,-0.00122,0.65680
14669,0.75330,-0.03351,-0.00122,0.65680
14677,0.75323,-0.03357,-0.00122,0.65680
14687,0.75323,-0.03357,-0.00122,0.65680
14697,0.75323,-0.03363,-0.00122,0.65680
14707,0.75323,-0.03369,-0.00122,0.65680
14717,0.75323,-0.03375,-0.00122,0.65680
14727,0.75323,-0.03375,-0.00122,0.65680
14737,0.75323,-0.03375,-0.00122,0.65680
14747,0.75323,-0.03375,-0.00122,0.65680
14757,0.75323,-0.03375,-0.00122,0.65680
14768,0.75323,-0.03381,-0.00122,0.65680
14777,0.75323,-0.03387,-0.00128,0.65680
14787,0.75323,-0.03394,-0.00128,0.65680
14798,0.75323,-0.03400,-0.00134,0.65680
14808,0.75323,-0.03406,-0.00134,0.65680
14817,0.75323,-0.03406,-0.00134,0.65680
14827,0.75323,-0.03406,-0.00134,0.65680
14838,0.75323,-0.03406,-0.00134,0.65680
14847,0.75323,-0.03406,-0.00140,0.65680
14858,0.75323,-0.03406,-0.00140,0.65680
14868,0.75323,-0.03412,-0.00140,0.65680
14878,0.75323,-0.03412,-0.00146,0.65680
14887,0.75323,-0.03418,-0.00146,0.65680
14898,0.75323,-0.03418,-0.00146,0.65680
14908,0.75323,-0.03424,-0.00146,0.65680
14918,0.75323,-0.03424,-0.00146,0.65680
14928,0.75323,-0.03424,-0.00146,0.65680
14938,0.75323,-0.03424,-0.00153,0.65680
14948,0.75323,-0.03424,-0.00153,0.65680
14958,0.75323,-0.03418,-0.00153,0.65680
14968,0.75323,-0.03418,-0.00146,0.65680
14978,0.75323,-0.03418,-0.00146,0.65680
14988,0.75323,-0.03418,-0.00140,0.65680
14998,0.75323,-0.03424,-0.00140,0.65680
15008,0.75323,-0.03424,-0.00140,0.65680
15019,0.75323,-0.03430,-0.00140,0.65680
15028,0.75323,-0.03430,-0.00146,0.65680
15038,0.75323,-0.03430,-0.00140,0.65680
15048,0.75323,-0.03424,-0.00140,0.65680
15058,0.75323,-0.03424,-0.00140,0.65680
15068,0.75323,-0.03424,-0.00140,0.65680
15078,0.75323,-0.03424,-0.00140,0.65680
15088,0.75317,-0.03424,-0.00134,0.65686
15098,0.75317,-0.03424,-0.00134,0.65686
15108,0.75317,-0.03424,-0.00134,0.65686
15118,0.75317,-0.03418,-0.00134,0.65686
15128,0.75317,-0.03418,-0.00128,0.65686
15138,0.75317,-0.03418,-0.00128,0.65686
15148,0.75317,-0.03418,-0.00128,0.65686
15158,0.75317,-0.03418,-0.00128,0.65686
15168,0.75317,-0.03418,-0.00128,0.65686
15178,0.75317,-0.03418,-0.00128,0.65686
15188,0.75317,-0.03418,-0.00128,0.65686
15198,0.75317,-0.03424,-0.00134,0.65686
15208,0.75317,-0.03424,-0.00134,0.65686
15218,0.75317,-0.03424,-0.00140,0.65686
15228,0.75317,-0.03430,-0.00140,0.65686
15238,0.75317,-0.03430,-0.00140,0.65686
15248,0.75317,-0.03436,-0.00146,0.65686
15258,0.75317,-0.03436,-0.00146,0.65686
15269,0.75317,-0.03436,-0.00153,0.65680
15279,0.75317,-0.03442,-0.00146,0.65680
15289,0.75317,-0.03442,-0.00146,0.65680
15299,0.75317,-0.03442,-0.00146,0.65680
15309,0.75317,-0.03442,-0.00146,0.65680
15319,0.75317,-0.03448,-0.00146,0.65680
15329,0.75317,-0.03442,-0.00140,0.65680
15339,0.75317,-0.03442,-0.00140,0.65680
15349,0.75323,-0.03442,-0.00140,0.65680
15359,0.75323,-0.03436,-0.00134,0.65680
15369,0.75323,-0.03436,-0.00134,0.65680
15379,0.75323,-0.03436,-0.00134,0.65680
15389,0.75323,-0.03436,-0.00134,0.65680
15399,0.75323,-0.03436,-0.00128,0.65680
15409,0.75323,-0.03436,-0.00128,0.65680
15419,0.75323,-0.03436,-0.00128,0.65680
15429,0.75323,-0.03442,-0.00128,0.65680
15438,0.75323,-0.03442,-0.00128,0.65680
15449,0.75323,-0.03442,-0.00122,0.65680
15459,0.75317,-0.03442,-0.00122,0.65680
15468,0.75317,-0.03442,-0.00116,0.65680
15479,0.75317,-0.03436,-0.00110,0.65680
15489,0.75317,-0.03436,-0.00104,0.65686
15498,0.75317,-0.03436,-0.00104,0.65686
15509,0.75317,-0.03430,-0.00104,0.65686
15520,0.75317,-0.03430,-0.00104,0.65686
15530,0.75317,-0.03436,-0.00098,0.65686
15539,0.75317,-0.03436,-0.00098,0.65686
15549,0.75317,-0.03442,-0.00098,0.65686
15559,0.75317,-0.03442,-0.00098,0.65686
15569,0.75317,-0.03442,-0.00092,0.65686
15579,0.75317,-0.03442,-0.00092,0.65686
15589,0.75317,-0.03442,-0.00092,0.65686
15599,0.75317,-0.03442,-0.00085,0.65686
15609,0.75317,-0.03442,-0.00085,0.65686
15619,0.75317,-0.03448,-0.00085,0.65686
15629,0.75317,-0.03448,-0.00085,0.65686
15639,0.75317,-0.03455,-0.00085,0.65686
15649,0.75317,-0.03461,-0.00085,0.65686
15660,0.75317,-0.03467,-0.00085,0.65686
15670,0.75317,-0.03473,-0.00085,0.65686
15680,0.75317,-0.03479,-0.00085,0.65680
15691,0.75317,-0.03479,-0.00085,0.65680
15701,0.75317,-0.03485,-0.00085,0.65680
15711,0.75317,-0.03497,-0.00085,0.65680
15721,0.75317,-0.03503,-0.00085,0.65680
15732,0.75317,-0.03510,-0.00079,0.65680
15742,0.75317,-0.03516,-0.00079,0.65680
15752,0.75317,-0.03522,-0.00073,0.65680
15761,0.75317,-0.03534,-0.00067,0.65680
15770,0.75317,-0.03540,-0.00061,0.65680
15779,0.75317,-0.03552,-0.00055,0.65680
15789,0.75317,-0.03552,-0.00043,0.65680
15799,0.75317,-0.03558,-0.00031,0.65674
15809,0.75317,-0.03571,-0.00024,0.65674
15819,0.75317,-0.03583,-0.00012,0.65674
15829,0.75317,-0.03595,-0.00012,0.65674
15839,0.75317,-0.03619,-0.00006,0.65674
15849,0.75317,-0.03644,0.00000,0.65680
15860,0.75311,-0.03680,0.00012,0.65680
15870,0.75305,-0.03729,0.00037,0.65686
15880,0.75299,-0.03772,0.00085,0.65692
15891,0.75281,-0.03827,0.00153,0.65704
15901,0.75256,-0.03882,0.00250,0.65735
15911,0.75208,-0.03949,0.00385,0.65784
15921,0.75134,-0.04077,0.00500,0.65857
15932,0.75049,-0.04297,0.00598,0.65936
15942,0.74969,-0.04614,0.00653,0.66010
15952,0.74908,-0.04987,0.00702,0.66052
15961,0.74866,-0.05402,0.00781,0.66064
15970,0.74835,-0.05798,0.00897,0.66064
15979,0.74823,-0.06104,0.01031,0.66052
15989,0.74817,-0.06293,0.01141,0.66034
15999,0.74811,-0.06354,0.01178,0.66034
16009,0.74786,-0.06329,0.01172,0.66064
16019,0.74744,-0.06287,0.01123,0.66125
16029,0.74701,-0.06317,0.01038,0.66162
16039,0.74738,-0.06396,0.00885,0.66119
16048,0.74786,-0.06409,0.00781,0.66064
16058,0.74786,-0.06427,0.00677,0.66064
16068,0.74750,-0.06488,0.00549,0.66101
16079,0.74713,-0.06567,0.00415,0.66132
16089,0.74683,-0.06641,0.00281,0.66162
16098,0.74658,-0.06696,0.00146,0.66187
16109,0.74634,-0.06708,-0.00006,0.66211
16119,0.74615,-0.06665,-0.00189,0.66235
16129,0.74609,-0.06598,-0.00397,0.66248
16139,0.74603,-0.06543,-0.00641,0.66260
16149,0.74585,-0.06537,-0.00909,0.66272
16159,0.74561,-0.06604,-0.01202,0.66296
16169,0.74524,-0.06720,-0.01495,0.66315
16179,0.74493,-0.06873,-0.01764,0.66333
16189,0.74457,-0.07031,-0.02020,0.66345
16199,0.74432,-0.07166,-0.02264,0.66351
16209,0.74420,-0.07269,-0.02496,0.66345
16219,0.74408,-0.07343,-0.02728,0.66339
16229,0.74408,-0.07385,-0.02972,0.66333
16239,0.74408,-0.07391,-0.03235,0.66315
16249,0.74408,-0.07379,-0.03528,0.66302
16259,0.74414,-0.07349,-0.03839,0.66284
16269,0.74420,-0.07336,-0.04175,0.66260
16279,0.74420,-0.07355,-0.04517,0.66229
16289,0.74420,-0.07422,-0.04852,0.66199
16299,0.74420,-0.07513,-0.05145,0.66168
16309,0.74408,-0.07611,-0.05389,0.66144
16319,0.74390,-0.07715,-0.05597,0.66138
16329,0.74371,-0.07812,-0.05780,0.66132
16339,0.74359,-0.07880,-0.05951,0.66125
16349,0.74353,-0.07886,-0.06110,0.66113
16358,0.74347,-0.07831,-0.06274,0.66113
16368,0.74335,-0.07758,-0.06458,0.66119
16378,0.74298,-0.07697,-0.06653,0.66150
16388,0.74249,-0.07660,-0.06848,0.66187
16398,0.74200,-0.07629,-0.07013,0.66223
16408,0.74152,-0.07605,-0.07104,0.66272
16418,0.74103,-0.07581,-0.07147,0.66327
16428,0.74060,-0.07532,-0.07153,0.66382
16438,0.74011,-0.07465,-0.07147,0.66443
16448,0.73975,-0.07361,-0.07184,0.66492
16459,0.73950,-0.07196,-0.07275,0.66528
16469,0.73944,-0.06958,-0.07428,0.66541
16479,0.73956,-0.06659,-0.07623,0.66534
16489,0.73975,-0.06342,-0.07812,0.66528
16499,0.73981,-0.06024,-0.07971,0.66534
16509,0.73975,-0.05750,-0.08087,0.66547
16519,0.73950,-0.05524,-0.08148,0.66583
16529,0.73920,-0.05359,-0.08160,0.66632
16540,0.73883,-0.05273,-0.08148,0.66681
16550,0.73810,-0.05255,-0.08136,0.66760
16560,0.73700,-0.05304,-0.08130,0.66882
16570,0.73566,-0.05408,-0.08167,0.67017
16580,0.73456,-0.05481,-0.08240,0.67120
16590,0.73395,-0.05487,-0.08331,0.67181
16600,0.73364,-0.05420,-0.08374,0.67212
16610,0.73352,-0.05292,-0.08356,0.67242
16620,0.73334,-0.05139,-0.08295,0.67279
16630,0.73309,-0.04999,-0.08221,0.67322
16640,0.73297,-0.04913,-0.08148,0.67352
16650,0.73291,-0.04907,-0.08063,0.67365
16660,0.73297,-0.04956,-0.07965,0.67371
16670,0.73309,-0.05011,-0.07861,0.67371
16680,0.73340,-0.05011,-0.07758,0.67346
16690,0.73376,-0.04926,-0.07660,0.67322
16701,0.73407,-0.04755,-0.07550,0.67316
16710,0.73419,-0.04504,-0.07446,0.67328
16719,0.73413,-0.04224,-0.07355,0.67365
16731,0.73401,-0.03955,-0.07281,0.67401
16742,0.73419,-0.03729,-0.07208,0.67401
16751,0.73450,-0.03546,-0.07111,0.67389
16759,0.73462,-0.03442,-0.06946,0.67395
16768,0.73468,-0.03400,-0.06726,0.67413
16777,0.73480,-0.03357,-0.06476,0.67426
16788,0.73505,-0.03290,-0.06213,0.67432
16798,0.73505,-0.03192,-0.05963,0.67456
16808,0.73480,-0.03070,-0.05756,0.67511
16818,0.73456,-0.02930,-0.05597,0.67554
16828,0.73456,-0.02747,-0.05493,0.67566
16838,0.73505,-0.02533,-0.05402,0.67535
16848,0.73566,-0.02307,-0.05261,0.67487
16858,0.73621,-0.02106,-0.05078,0.67450
16869,0.73657,-0.01965,-0.04877,0.67426
16877,0.73688,-0.01880,-0.04669,0.67407
16888,0.73718,-0.01825,-0.04474,0.67395
16898,0.73749,-0.01746,-0.04297,0.67371
16908,0.73798,-0.01605,-0.04163,0.67334
16918,0.73846,-0.01410,-0.04065,0.67285
16928,0.73907,-0.01184,-0.04010,0.67230
16938,0.73987,-0.00952,-0.03955,0.67151
16948,0.74072,-0.00732,-0.03870,0.67059
16958,0.74146,-0.00543,-0.03717,0.66992
16969,0.74200,-0.00397,-0.03522,0.66943
16979,0.74237,-0.00299,-0.03314,0.66913
16989,0.74261,-0.00238,-0.03094,0.66895
16999,0.74280,-0.00214,-0.02887,0.66882
17009,0.74298,-0.00208,-0.02686,0.66876
17018,0.74298,-0.00195,-0.02478,0.66876
17029,0.74280,-0.00183,-0.02246,0.66907
17039,0.74225,-0.00208,-0.02002,0.66974
17049,0.74152,-0.00281,-0.01758,0.67059
17059,0.74066,-0.00415,-0.01501,0.67163
17069,0.73962,-0.00580,-0.01251,0.67285
17079,0.73859,-0.00769,-0.01007,0.67395
17090,0.73792,-0.00940,-0.00800,0.67474
17099,0.73755,-0.01068,-0.00635,0.67511
17109,0.73749,-0.01147,-0.00513,0.67517
17119,0.73755,-0.01190,-0.00409,0.67511
17128,0.73755,-0.01239,-0.00317,0.67511
17139,0.73755,-0.01312,-0.00220,0.67511
17149,0.73749,-0.01410,-0.00104,0.67511
17159,0.73743,-0.01538,0.00037,0.67517
17168,0.73730,-0.01678,0.00189,0.67529
17178,0.73724,-0.01813,0.00360,0.67529
17188,0.73712,-0.01941,0.00531,0.67542
17198,0.73700,-0.02087,0.00702,0.67548
17208,0.73676,-0.02252,0.00854,0.67566
17218,0.73651,-0.02405,0.01007,0.67584
17228,0.73627,-0.02539,0.01141,0.67603
17238,0.73627,-0.02637,0.01245,0.67596
17249,0.73651,-0.02698,0.01337,0.67572
17259,0.73682,-0.02710,0.01404,0.67535
17269,0.73718,-0.02692,0.01471,0.67499
17279,0.73737,-0.02661,0.01520,0.67468
17289,0.73755,-0.02631,0.01569,0.67456
17299,0.73761,-0.02631,0.01630,0.67444
17309,0.73767,-0.02649,0.01703,0.67438
17319,0.73767,-0.02649,0.01746,0.67432
17329,0.73773,-0.02612,0.01709,0.67426
17339,0.73785,-0.02576,0.01636,0.67426
17349,0.73785,-0.02570,0.01569,0.67419
17359,0.73785,-0.02588,0.01526,0.67426
17370,0.73773,-0.02606,0.01477,0.67432
17380,0.73767,-0.02631,0.01422,0.67444
17390,0.73761,-0.02661,0.01379,0.67450
17400,0.73755,-0.02686,0.01331,0.67456
17410,0.73755,-0.02704,0.01276,0.67462
17420,0.73749,-0.02716,0.01208,0.67462
17430,0.73749,-0.02747,0.01141,0.67468
17440,0.73743,-0.02771,0.01068,0.67468
17450,0.73743,-0.02777,0.00995,0.67468
17460,0.73743,-0.02777,0.00922,0.67474
17470,0.73743,-0.02789,0.00854,0.67474
17480,0.73743,-0.02795,0.00793,0.67474
17490,0.73749,-0.02814,0.00732,0.67468
17500,0.73749,-0.02826,0.00671,0.67468
17510,0.73749,-0.02838,0.00616,0.67468
17521,0.73749,-0.02856,0.00555,0.67462
17530,0.73749,-0.02863,0.00500,0.67462
17540,0.73749,-0.02856,0.00464,0.67462
17550,0.73755,-0.02844,0.00439,0.67462
17560,0.73755,-0.02832,0.00427,0.67468
17569,0.73755,-0.02820,0.00421,0.67468
17579,0.73755,-0.02808,0.00415,0.67468
17589,0.73749,-0.02795,0.00409,0.67468
17599,0.73749,-0.02783,0.00403,0.67468
17610,0.73749,-0.02771,0.00403,0.67468
17620,0.73749,-0.02765,0.00397,0.67468
17629,0.73749,-0.02765,0.00397,0.67468
17639,0.73749,-0.02765,0.00397,0.67468
17649,0.73749,-0.02765,0.00403,0.67468
17659,0.73749,-0.02765,0.00409,0.67468
17670,0.73749,-0.02765,0.00409,0.67468
17680,0.73749,-0.02771,0.00409,0.67468
17690,0.73749,-0.02771,0.00409,0.67468
17700,0.73749,-0.02777,0.00403,0.67468
17710,0.73749,-0.02783,0.00403,0.67468
17721,0.73749,-0.02789,0.00397,0.67468
17730,0.73749,-0.02789,0.00385,0.67468
17740,0.73749,-0.02789,0.00372,0.67468
17751,0.73749,-0.02795,0.00360,0.67468
17761,0.73749,-0.02802,0.00342,0.67468
17769,0.73749,-0.02814,0.00323,0.67468
17779,0.73749,-0.02832,0.00305,0.67468
17789,0.73749,-0.02850,0.00287,0.67468
17799,0.73749,-0.02869,0.00269,0.67468
17810,0.73749,-0.02881,0.00250,0.67468
17820,0.73749,-0.02881,0.00238,0.67462
17830,0.73749,-0.02881,0.00226,0.67462
17840,0.73749,-0.02881,0.00226,0.67462
17849,0.73749,-0.02881,0.00226,0.67462
17859,0.73749,-0.02881,0.00232,0.67468
17869,0.73749,-0.02875,0.00238,0.67462
17879,0.73749,-0.02875,0.00250,0.67468
17890,0.73749,-0.02875,0.00250,0.67462
17900,0.73749,-0.02881,0.00244,0.67462
17910,0.73755,-0.02887,0.00244,0.67462
17920,0.73755,-0.02887,0.00238,0.67462
17930,0.73755,-0.02893,0.00232,0.67462
17939,0.73755,-0.02899,0.00226,0.67462
17949,0.73755,-0.02905,0.00220,0.67462
17960,0.73755,-0.02911,0.00208,0.67462
17969,0.73755,-0.02917,0.00201,0.67456
17979,0.73755,-0.02917,0.00195,0.67456
17989,0.73761,-0.02924,0.00177,0.67456
17999,0.73761,-0.02930,0.00159,0.67456
18009,0.73761,-0.02942,0.00146,0.67456
18019,0.73761,-0.02954,0.00122,0.67456
18029,0.73761,-0.02979,0.00098,0.67456
18039,0.73761,-0.03015,0.00061,0.67450
18049,0.73761,-0.03052,0.00018,0.67450
18059,0.73761,-0.03113,-0.00031,0.67444
18070,0.73761,-0.03143,-0.00079,0.67444
18080,0.73761,-0.03162,-0.00122,0.67444
18089,0.73761,-0.03247,-0.00177,0.67438
18099,0.73767,-0.03424,-0.00348,0.67419
18110,0.73767,-0.03564,-0.00598,0.67413
18120,0.73767,-0.03638,-0.00818,0.67407
18130,0.73761,-0.03723,-0.00977,0.67401
18140,0.73761,-0.03839,-0.01099,0.67401
18150,0.73755,-0.03906,-0.01190,0.67395
18159,0.73755,-0.03906,-0.01221,0.67395
18170,0.73755,-0.03809,-0.01050,0.67407
18180,0.73761,-0.03625,-0.00739,0.67413
18190,0.73767,-0.03503,-0.00470,0.67419
18200,0.73773,-0.03442,-0.00269,0.67413
18211,0.73773,-0.03369,-0.00055,0.67413
18221,0.73779,-0.03265,0.00122,0.67419
18231,0.73779,-0.03223,0.00183,0.67419
18241,0.73779,-0.03278,0.00110,0.67419
18251,0.73773,-0.03339,0.00000,0.67419
18261,0.73773,-0.03394,-0.00116,0.67419
18270,0.73767,-0.03448,-0.00232,0.67419
18279,0.73767,-0.03510,-0.00342,0.67419
18290,0.73767,-0.03540,-0.00391,0.67419
18300,0.73767,-0.03534,-0.00372,0.67419
18310,0.73767,-0.03522,-0.00323,0.67419
18320,0.73767,-0.03503,-0.00256,0.67419
18330,0.73767,-0.03479,-0.00189,0.67419
18340,0.73773,-0.03461,-0.00140,0.67419
18350,0.73773,-0.03455,-0.00128,0.67419
18361,0.73773,-0.03461,-0.00140,0.67419
18371,0.73767,-0.03479,-0.00171,0.67419
18381,0.73767,-0.03497,-0.00220,0.67419
18391,0.73767,-0.03516,-0.00262,0.67413
18401,0.73767,-0.03528,-0.00281,0.67413
18411,0.73767,-0.03534,-0.00281,0.67413
18421,0.73767,-0.03528,-0.00269,0.67413
18431,0.73767,-0.03516,-0.00238,0.67413
18441,0.73773,-0.03503,-0.00208,0.67413
18451,0.73773,-0.03497,-0.00189,0.67413
18461,0.73773,-0.03497,-0.00183,0.67413
18471,0.73773,-0.03503,-0.00189,0.67413
18481,0.73767,-0.03510,-0.00208,0.67413
18491,0.73767,-0.03522,-0.00232,0.67413
18501,0.73767,-0.03528,-0.00244,0.67413
18512,0.73767,-0.03534,-0.00250,0.67413
18521,0.73767,-0.03534,-0.00250,0.67413
18531,0.73767,-0.03528,-0.00238,0.67413
18541,0.73767,-0.03528,-0.00220,0.67413
18551,0.73767,-0.03522,-0.00214,0.67413
18561,0.73767,-0.03522,-0.00208,0.67413
18571,0.73767,-0.03522,-0.00208,0.67413
18581,0.73767,-0.03528,-0.00220,0.67413
18591,0.73767,-0.03534,-0.00232,0.67413
18601,0.73767,-0.03540,-0.00238,0.67413
18611,0.73767,-0.03540,-0.00244,0.67413
18621,0.73767,-0.03540,-0.00244,0.67413
18631,0.73767,-0.03540,-0.00238,0.67413
18641,0.73767,-0.03540,-0.00232,0.67413
18651,0.73767,-0.03534,-0.00226,0.67413
18661,0.73767,-0.03534,-0.00226,0.67413
18671,0.73767,-0.03534,-0.00226,0.67413
18681,0.73767,-0.03540,-0.00226,0.67413
18691,0.73767,-0.03540,-0.00232,0.67413
18701,0.73767,-0.03546,-0.00238,0.67413
18711,0.73767,-0.03546,-0.00238,0.67413
18721,0.73767,-0.03546,-0.00238,0.67413
18731,0.73767,-0.03546,-0.00238,0.67413
18745,0.73767,-0.03546,-0.00232,0.67413
18754,0.73767,-0.03546,-0.00232,0.67413
18763,0.73767,-0.03546,-0.00232,0.67413
18771,0.73767,-0.03552,-0.00232,0.67413
18781,0.73767,-0.03552,-0.00232,0.67413
18791,0.73767,-0.03552,-0.00238,0.67413
18803,0.73767,-0.03558,-0.00238,0.67413
18811,0.73767,-0.03558,-0.00238,0.67413
18820,0.73767,-0.03558,-0.00238,0.67413
18830,0.73767,-0.03558,-0.00238,0.67413
18841,0.73767,-0.03564,-0.00238,0.67413
18851,0.73767,-0.03564,-0.00238,0.67413
18861,0.73767,-0.03564,-0.00232,0.67413
18871,0.73767,-0.03564,-0.00232,0.67413
18881,0.73767,-0.03564,-0.00232,0.67413
18890,0.73767,-0.03571,-0.00238,0.67419
18900,0.73767,-0.03571,-0.00238,0.67413
18910,0.73767,-0.03571,-0.00238,0.67413
18920,0.73767,-0.03571,-0.00238,0.67413
18930,0.73767,-0.03571,-0.00238,0.67413
18941,0.73767,-0.03571,-0.00238,0.67413
18951,0.73767,-0.03571,-0.00238,0.67413
18961,0.73767,-0.03571,-0.00238,0.67413
18971,0.73767,-0.03577,-0.00238,0.67413
18980,0.73767,-0.03577,-0.00238,0.67419
18990,0.73767,-0.03577,-0.00238,0.67419
19000,0.73767,-0.03577,-0.00238,0.67419
19010,0.73767,-0.03583,-0.00238,0.67419
19020,0.73767,-0.03583,-0.00238,0.67419
19031,0.73767,-0.03583,-0.00238,0.67413
19041,0.73767,-0.03583,-0.00238,0.67419
19051,0.73767,-0.03583,-0.00232,0.67419
19061,0.73767,-0.03583,-0.00232,0.67419
19071,0.73767,-0.03583,-0.00232,0.67413
19081,0.73767,-0.03540,-0.00140,0.67419
19091,0.73767,-0.03455,0.00073,0.67419
19101,0.73773,-0.03394,0.00311,0.67419
19111,0.73773,-0.03345,0.00452,0.67419
19121,0.73773,-0.03302,0.00513,0.67419
19131,0.73773,-0.03296,0.00513,0.67426
19141,0.73773,-0.03333,0.00464,0.67419
19151,0.73767,-0.03369,0.00378,0.67426
19161,0.73767,-0.03412,0.00269,0.67426
19171,0.73767,-0.03473,0.00128,0.67419
19181,0.73761,-0.03534,-0.00037,0.67419
19191,0.73761,-0.03589,-0.00183,0.67419
19201,0.73761,-0.03632,-0.00275,0.67419
19211,0.73761,-0.03638,-0.00293,0.67419
19220,0.73761,-0.03619,-0.00238,0.67419
19230,0.73761,-0.03583,-0.00140,0.67419
19241,0.73767,-0.03540,-0.00037,0.67419
19251,0.73767,-0.03510,0.00043,0.67419
19261,0.73767,-0.03491,0.00085,0.67419
19271,0.73767,-0.03497,0.00085,0.67419
19280,0.73767,-0.03516,0.00055,0.67419
19290,0.73761,-0.03540,-0.00006,0.67419
19300,0.73761,-0.03564,-0.00061,0.67419
19310,0.73761,-0.03583,-0.00098,0.67419
19320,0.73761,-0.03589,-0.00104,0.67419
19330,0.73761,-0.03583,-0.00085,0.67419
19340,0.73761,-0.03577,-0.00043,0.67419
19350,0.73767,-0.03558,0.00000,0.67419
19360,0.73767,-0.03546,0.00037,0.67419
19370,0.73767,-0.03540,0.00061,0.67419
19382,0.73767,-0.03540,0.00067,0.67419
19392,0.73767,-0.03552,0.00055,0.67419
19402,0.73767,-0.03564,0.00031,0.67419
19412,0.73767,-0.03577,0.00006,0.67419
19422,0.73767,-0.03583,-0.00012,0.67419
19432,0.73767,-0.03589,-0.00018,0.67419
19441,0.73767,-0.03589,-0.00006,0.67419
19452,0.73767,-0.03583,0.00006,0.67419
19462,0.73767,-0.03577,0.00031,0.67419
19472,0.73767,-0.03571,0.00043,0.67419
19481,0.73767,-0.03564,0.00055,0.67419
19492,0.73767,-0.03564,0.00055,0.67419
19502,0.73767,-0.03571,0.00049,0.67419
19512,0.73767,-0.03577,0.00037,0.67419
19522,0.73761,-0.03583,0.00031,0.67419
19532,0.73761,-0.03589,0.00024,0.67419
19542,0.73761,-0.03595,0.00018,0.67419
19552,0.73761,-0.03595,0.00024,0.67419
19562,0.73767,-0.03589,0.00037,0.67419
19572,0.73767,-0.03589,0.00043,0.67419
19582,0.73767,-0.03589,0.00055,0.67419
19592,0.73767,-0.03589,0.00061,0.67419
19602,0.73767,-0.03589,0.00061,0.67419
19612,0.73767,-0.03595,0.00061,0.67419
19622,0.73761,-0.03595,0.00061,0.67419
19632,0.73761,-0.03601,0.00055,0.67419
19642,0.73761,-0.03607,0.00055,0.67419
19652,0.73761,-0.03607,0.00055,0.67419
19662,0.73761,-0.03607,0.00055,0.67419
19672,0.73761,-0.03607,0.00061,0.67419
19682,0.73761,-0.03601,0.00061,0.67419
19692,0.73761,-0.03607,0.00067,0.67419
19702,0.73761,-0.03607,0.00067,0.67419
19712,0.73761,-0.03607,0.00073,0.67419
19722,0.73761,-0.03607,0.00067,0.67419
19732,0.73761,-0.03607,0.00067,0.67419
19742,0.73767,-0.03613,0.00079,0.67413
19752,0.73767,-0.03613,0.00098,0.67413
19762,0.73767,-0.03607,0.00134,0.67413
19772,0.73767,-0.03601,0.00189,0.67413
19782,0.73773,-0.03577,0.00244,0.67413
19792,0.73773,-0.03558,0.00299,0.67413
19802,0.73773,-0.03534,0.00354,0.67407
19813,0.73773,-0.03510,0.00403,0.67407
19823,0.73779,-0.03510,0.00421,0.67407
19833,0.73779,-0.03497,0.00439,0.67401
19843,0.73785,-0.03491,0.00464,0.67395
19853,0.73798,-0.03491,0.00482,0.67389
19863,0.73810,-0.03485,0.00488,0.67371
19872,0.73828,-0.03485,0.00488,0.67352
19881,0.73846,-0.03491,0.00488,0.67334
19891,0.73859,-0.03497,0.00488,0.67316
19901,0.73895,-0.03510,0.00507,0.67273
19912,0.73932,-0.03473,0.00574,0.67242
19921,0.73950,-0.03448,0.00629,0.67218
19931,0.73962,-0.03418,0.00684,0.67206
19941,0.73962,-0.03387,0.00757,0.67206
19951,0.73962,-0.03369,0.00818,0.67206
19961,0.73962,-0.03369,0.00842,0.67206
19971,0.73962,-0.03369,0.00830,0.67206
19981,0.73969,-0.03381,0.00800,0.67200
19992,0.73969,-0.03394,0.00745,0.67200
20002,0.73969,-0.03418,0.00677,0.67200
20011,0.73975,-0.03430,0.00610,0.67194
20021,0.73975,-0.03455,0.00537,0.67188
20031,0.73975,-0.03473,0.00494,0.67188
20041,0.73975,-0.03479,0.00464,0.67188
20051,0.73975,-0.03491,0.00458,0.67188
20062,0.73975,-0.03485,0.00476,0.67188
20072,0.73975,-0.03479,0.00519,0.67188
20082,0.73975,-0.03473,0.00586,0.67188
20093,0.73975,-0.03455,0.00690,0.67188
20103,0.73975,-0.03424,0.00818,0.67188
20113,0.73981,-0.03406,0.00952,0.67188
20122,0.73975,-0.03363,0.01093,0.67188
20132,0.73975,-0.03320,0.01239,0.67188
20142,0.73981,-0.03278,0.01349,0.67181
20153,0.73981,-0.03217,0.01270,0.67188
20162,0.73981,-0.03259,0.01031,0.67188
20173,0.73975,-0.03394,0.00781,0.67188
20182,0.73975,-0.03516,0.00531,0.67194
20191,0.73969,-0.03589,0.00311,0.67194
20202,0.73969,-0.03668,0.00165,0.67188
20212,0.73969,-0.03699,0.00153,0.67188
20221,0.73969,-0.03625,0.00262,0.67188
20231,0.73975,-0.03546,0.00415,0.67188
20241,0.73975,-0.03503,0.00543,0.67188
20251,0.73975,-0.03461,0.00635,0.67188
20262,0.73975,-0.03442,0.00684,0.67188
20272,0.73975,-0.03461,0.00677,0.67188
20281,0.73975,-0.03497,0.00604,0.67188
20291,0.73975,-0.03534,0.00507,0.67188
20301,0.73975,-0.03571,0.00421,0.67181
20310,0.73981,-0.03558,0.00348,0.67181
20321,0.73981,-0.03552,0.00293,0.67181
20331,0.73981,-0.03571,0.00262,0.67175
20341,0.74005,-0.03564,0.00244,0.67157
20351,0.74060,-0.03577,0.00220,0.67096
20361,0.74158,-0.03613,0.00208,0.66986
20371,0.74268,-0.03625,0.00195,0.66858
20381,0.74371,-0.03607,0.00177,0.66748
20392,0.74438,-0.03607,0.00146,0.66669
20402,0.74481,-0.03613,0.00116,0.66626
20412,0.74500,-0.03595,0.00104,0.66608
20422,0.74506,-0.03564,0.00140,0.66602
20432,0.74500,-0.03546,0.00244,0.66608
20442,0.74487,-0.03528,0.00366,0.66614
20452,0.74487,-0.03510,0.00488,0.66620
20462,0.74487,-0.03461,0.00604,0.66620
20472,0.74487,-0.03412,0.00708,0.66620
20482,0.74487,-0.03387,0.00769,0.66620
20492,0.74481,-0.03381,0.00739,0.66632
20502,0.74463,-0.03424,0.00690,0.66650
20512,0.74432,-0.03467,0.00671,0.66681
20522,0.74390,-0.03467,0.00696,0.66730
20531,0.74341,-0.03461,0.00763,0.66785
20541,0.74292,-0.03442,0.00854,0.66833
20552,0.74274,-0.03430,0.00922,0.66858
20562,0.74286,-0.03418,0.00989,0.66840
20572,0.74316,-0.03387,0.01093,0.66809
20581,0.74347,-0.03363,0.01202,0.66772
20589,0.74384,-0.03326,0.01312,0.66736
20599,0.74396,-0.03284,0.01416,0.66718
20609,0.74402,-0.03241,0.01477,0.66711
20619,0.74420,-0.03223,0.01471,0.66699
20628,0.74426,-0.03198,0.01495,0.66687
20639,0.74432,-0.03186,0.01532,0.66681
20648,0.74438,-0.03162,0.01569,0.66675
20659,0.74438,-0.03125,0.01593,0.66681
20669,0.74426,-0.03131,0.01593,0.66687
20679,0.74414,-0.03168,0.01538,0.66705
20688,0.74396,-0.03223,0.01459,0.66724
20699,0.74377,-0.03290,0.01379,0.66742
20709,0.74359,-0.03339,0.01312,0.66760
20719,0.74335,-0.03369,0.01276,0.66785
20729,0.74323,-0.03394,0.01239,0.66803
20739,0.74310,-0.03412,0.01196,0.66809
20749,0.74304,-0.03430,0.01147,0.66821
20759,0.74298,-0.03461,0.01074,0.66827
20769,0.74280,-0.03522,0.00989,0.66846
20779,0.74255,-0.03595,0.00897,0.66864
20789,0.74237,-0.03693,0.00806,0.66888
20799,0.74219,-0.03796,0.00708,0.66907
20809,0.74194,-0.03857,0.00641,0.66925
20819,0.74176,-0.03900,0.00629,0.66943
20829,0.74164,-0.03888,0.00671,0.66962
20839,0.74146,-0.03931,0.00659,0.66980
20849,0.74127,-0.03992,0.00586,0.66992
20859,0.74121,-0.04065,0.00482,0.66992
20869,0.74121,-0.04156,0.00403,0.66992
20879,0.74121,-0.04224,0.00360,0.66986
20889,0.74115,-0.04254,0.00342,0.66992
20899,0.74097,-0.04285,0.00323,0.67010
20909,0.74072,-0.04327,0.00305,0.67029
20919,0.74048,-0.04382,0.00281,0.67059
20929,0.74023,-0.04462,0.00250,0.67078
20939,0.74005,-0.04541,0.00220,0.67096
20949,0.73999,-0.04596,0.00208,0.67096
20959,0.74011,-0.04602,0.00208,0.67084
20969,0.74023,-0.04572,0.00214,0.67072
20979,0.74042,-0.04535,0.00226,0.67053
20989,0.74060,-0.04510,0.00250,0.67035
20999,0.74072,-0.04492,0.00299,0.67023
21009,0.74072,-0.04486,0.00372,0.67029
21019,0.74066,-0.04517,0.00409,0.67029
21029,0.74054,-0.04553,0.00464,0.67035
21039,0.74048,-0.04584,0.00500,0.67047
21049,0.74036,-0.04614,0.00513,0.67053
21059,0.74023,-0.04633,0.00513,0.67065
21069,0.74011,-0.04645,0.00482,0.67078
21079,0.74005,-0.04663,0.00427,0.67090
21089,0.73999,-0.04688,0.00378,0.67090
21099,0.73993,-0.04712,0.00336,0.67096
21109,0.73993,-0.04742,0.00299,0.67096
21119,0.73987,-0.04773,0.00256,0.67096
21129,0.73975,-0.04791,0.00214,0.67114
21139,0.73950,-0.04840,0.00159,0.67133
21149,0.73932,-0.04877,0.00098,0.67151
21159,0.73907,-0.04907,0.00061,0.67175
21169,0.73889,-0.04962,0.00018,0.67194
21179,0.73877,-0.05011,-0.00043,0.67206
21189,0.73871,-0.05066,-0.00110,0.67206
21199,0.73871,-0.05109,-0.00189,0.67206
21209,0.73865,-0.05139,-0.00262,0.67206
21219,0.73853,-0.05170,-0.00323,0.67218
21229,0.73834,-0.05194,-0.00385,0.67230
21239,0.73816,-0.05200,-0.00433,0.67255
21249,0.73792,-0.05225,-0.00458,0.67279
21259,0.73779,-0.05243,-0.00500,0.67291
21269,0.73767,-0.05261,-0.00537,0.67303
21279,0.73767,-0.05292,-0.00568,0.67303
21293,0.73773,-0.05310,-0.00616,0.67291
21303,0.73785,-0.05304,-0.00635,0.67279
21313,0.73792,-0.05298,-0.00665,0.67267
21323,0.73804,-0.05304,-0.00702,0.67255
21334,0.73810,-0.05304,-0.00702,0.67255
21344,0.73810,-0.05316,-0.00702,0.67255
21354,0.73804,-0.05322,-0.00690,0.67255
21364,0.73798,-0.05347,-0.00684,0.67255
21374,0.73792,-0.05371,-0.00714,0.67261
21384,0.73785,-0.05389,-0.00739,0.67273
21389,0.73779,-0.05420,-0.00769,0.67273
21399,0.73779,-0.05450,-0.00806,0.67273
21410,0.73792,-0.05469,-0.00806,0.67261
21419,0.73810,-0.05463,-0.00769,0.67236
21429,0.73834,-0.05438,-0.00708,0.67212
21440,0.73859,-0.05396,-0.00623,0.67194
21449,0.73865,-0.05347,-0.00537,0.67188
21459,0.73871,-0.05322,-0.00470,0.67181
21470,0.73889,-0.05310,-0.00391,0.67163
21479,0.73907,-0.05280,-0.00281,0.67151
